42.89684309215297,-2.2485923767089844
42.897094603161904,-2.265758514404297
42.89759762210229,-2.2842979431152344
42.89948390658286,-2.2997474670410156
42.91054894657122,-2.3143386840820312
42.92161200045669,-2.3254966735839844
42.93518667021124,-2.3459243774414062
42.946873571924776,-2.3802566528320312
42.951020003802405,-2.3986244201660156
42.95466360728678,-2.416820526123047
42.95403541517933,-2.4302101135253906
42.953532856876386,-2.44171142578125
42.9524020856897,-2.4557876586914062
42.95780447163694,-2.46368408203125
42.96132204938571,-2.4722671508789062
42.96094517567432,-2.4865150451660156
42.962327034663325,-2.4976730346679688
42.96596996868038,-2.5120925903320312
42.97049193148623,-2.5223922729492188
42.96961268697616,-2.5356101989746094
42.95943765774348,-2.5505447387695312
42.954412331213284,-2.5592994689941406
42.96169892078859,-2.5658226013183594
42.96559312344094,-2.5773239135742188
42.96911025589864,-2.5872802734375
42.97752543508355,-2.5999832153320312
42.98480928720572,-2.6041030883789062
42.98807418217868,-2.599468231201172
42.99661231842139,-2.6030731201171875
43.00439605590629,-2.5986099243164062
43.00866413845207,-2.58453369140625
43.013810549455805,-2.5718307495117188
43.01908203553726,-2.5649642944335938
43.021466606767234,-2.544536590576172
43.02472955416351,-2.535266876220703
43.03301164176463,-2.5328636169433594
43.039034276288696,-2.5299453735351562
43.04254720679098,-2.531147003173828
43.05145409318915,-2.532176971435547
43.0577257723099,-2.5323486328125
43.06148847190762,-2.5357818603515625
43.0675083109733,-2.536296844482422
43.07415452990184,-2.5361251831054688
43.081552303256444,-2.5340652465820312
43.08543891099317,-2.5278854370117188
43.08669260282566,-2.517414093017578
43.08757017184191,-2.5110626220703125
43.092835321916745,-2.5059127807617188
43.098476051876624,-2.5052261352539062
43.106748182603205,-2.5029945373535156
43.11451795391612,-2.5000762939453125
43.12353967632632,-2.4961280822753906
43.13030509517499,-2.498016357421875
43.13882344709952,-2.498188018798828
43.14420943959208,-2.500591278076172
43.151473515051045,-2.5069427490234375
43.156733168726895,-2.513294219970703
43.160114135618834,-2.5126075744628906
43.16449659204217,-2.5095176696777344
43.16649989598962,-2.5024795532226562
43.16737632080817,-2.4942398071289062
43.170255913818195,-2.4851417541503906
43.17200864309652,-2.4847984313964844
43.178267979909336,-2.4902915954589844
43.179269414260574,-2.485828399658203
43.1811470593997,-2.484111785888672
43.182899476099216,-2.4847984313964844
43.186404158595806,-2.4875450134277344
43.19203626250746,-2.488574981689453
43.197918127289206,-2.489604949951172
43.20329891122639,-2.4921798706054688
43.211431753551004,-2.499561309814453
43.216436040627755,-2.5043678283691406
43.22294099990729,-2.5065994262695312
43.22644338283114,-2.498188018798828
43.22444204579972,-2.4880599975585938
43.22369152747336,-2.481536865234375
43.2221904631015,-2.466259002685547
43.226068137142626,-2.4554443359375
43.2278192639261,-2.4492645263671875
43.23157150906517,-2.4381065368652344
43.2328222061122,-2.434844970703125
43.235073396117365,-2.4326133728027344
43.24070100730572,-2.4296951293945312
43.247203377359774,-2.4259185791015625
43.25458022598531,-2.4217987060546875
43.265706324114475,-2.4284934997558594
43.26983121458663,-2.4274635314941406
43.27470572475911,-2.429351806640625
43.27932989914858,-2.4339866638183594
43.2830789717615,-2.4365615844726562
43.28932691273165,-2.4394798278808594
43.29494951091899,-2.4406814575195312
43.30107130443561,-2.4423980712890625
43.30456919543565,-2.4326133728027344
43.30881636394169,-2.42523193359375
43.310939836912965,-2.422056198120117
43.31387510385995,-2.418537139892578
43.31649798841883,-2.4166488647460938
43.31799672876687,-2.414846420288086
43.31965154495832,-2.4139881134033203
43.32105654219565,-2.4128293991088867



43.32107111238305,-2.4128293991088867
43.32125844284828,-2.412550449371338
43.320899392282485,-2.4117565155029297
43.32174237721009,-2.41025447845459
43.32286633891908,-2.410104274749756
43.3231317157326,-2.4103617668151855
43.3231317157326,-2.410705089569092
43.32324098820123,-2.4112844467163086
43.324224431574336,-2.4116921424865723
43.32425565173818,-2.4112629890441895
43.32386539853724,-2.410855293273926
43.32363124541331,-2.4109840393066406
43.323365870781856,-2.4101686477661133
43.323475142829324,-2.4100184440612793
43.324224431574336,-2.410726547241211
43.324302481953815,-2.4106192588806152
43.32361563517297,-2.4097824096679688
43.32286633891908,-2.4094605445861816
43.32277267623752,-2.4090099334716797
43.32300683267062,-2.408280372619629
43.32272584484261,-2.4079155921936035
43.32361563517297,-2.407808303833008
43.323646855649656,-2.407658100128174
43.322679013411594,-2.4075937271118164
43.32253851890191,-2.406928539276123
43.32278828669447,-2.40675687789917
43.322585350441244,-2.406456470489502
43.32224191831454,-2.405362129211426
43.32224191831454,-2.4046969413757324
43.321726766484396,-2.402207851409912
43.32188287356088,-2.40201473236084
43.32178920936312,-2.400984764099121
43.321508215903464,-2.39976167678833
43.32108672327721,-2.399311065673828
43.320712060710164,-2.3985815048217773
43.32027495146188,-2.3972511291503906
43.320087617964205,-2.3968863487243652
43.32013445139279,-2.396392822265625
43.32004078449955,-2.3961567878723145
43.319978339823834,-2.395920753479004
43.319759782953476,-2.3949766159057617
43.31933827819758,-2.394568920135498
43.31815180466674,-2.392122745513916
43.3180425230447,-2.391500473022461
43.31782395921104,-2.391200065612793
43.317449276524286,-2.3906636238098145
43.31710581536512,-2.3905348777770996
43.3167623522646,-2.3900198936462402
43.316590619986314,-2.389354705810547
43.31640327512923,-2.3890328407287598
43.31571633904485,-2.3881959915161133
43.31560705304273,-2.3877668380737305
43.31526358147079,-2.386929988861084
43.31507623252239,-2.3863720893859863
43.31498255783159,-2.3857927322387695
43.31445173185619,-2.384333610534668
43.31424876775784,-2.383604049682617
43.31390528850872,-2.383239269256592
43.31342129172619,-2.382981777191162
43.31323393709811,-2.3825955390930176
43.312921678101105,-2.382359504699707
43.312656256692186,-2.3816943168640137
43.31234399472698,-2.381265163421631
43.31217224996225,-2.3807716369628906
43.31190682528028,-2.380814552307129
43.31131351885847,-2.380642890930176
43.31072020664471,-2.380857467651367
43.310314252845494,-2.3812222480773926
43.310376707452626,-2.381565570831299
43.31006443377517,-2.381737232208252
43.309955137609045,-2.3815441131591797
43.30903391925627,-2.3821020126342773
43.30881532302126,-2.38278865814209
43.308284443177456,-2.3834967613220215
43.30769110139438,-2.383904457092285
43.30745688593826,-2.3837971687316895
43.307222669579666,-2.3839259147644043
43.306691775825676,-2.3835182189941406
43.308050230007616,-2.3806214332580566
43.30817514381052,-2.3802566528320312
43.30806584424703,-2.379484176635742
43.30822198642043,-2.3790550231933594
43.30803461576421,-2.378840446472168
43.307878473109504,-2.378668785095215
43.3080970727138,-2.3780250549316406
43.308362514033526,-2.377810478210449
43.308362514033526,-2.377595901489258
43.308206372221136,-2.3774242401123047
43.308284443177456,-2.3772096633911133
43.308659182372054,-2.376694679260254
43.30833128570314,-2.3756861686706543
43.30814391538385,-2.375643253326416
43.3082376006157,-2.3752999305725098
43.308128301164516,-2.3749351501464844
43.30803461576421,-2.3744630813598633
43.3092369007706,-2.373325824737549
43.30919005894283,-2.3726820945739746
43.30934619822828,-2.3724889755249023
43.30926812863571,-2.3721885681152344
43.309564792554085,-2.3711156845092773
43.30936181213479,-2.3711156845092773
43.30929935648479,-2.3708152770996094
43.30939303993573,-2.370600700378418
43.30915883103762,-2.370579242706299
43.308940235251825,-2.3706436157226562
43.3087840949235,-2.370600700378418
43.30822198642043,-2.3711156845092773
43.30789408739301,-2.371222972869873
43.30765987271905,-2.3709869384765625
43.307222669579666,-2.3700642585754395
43.307035295843015,-2.3693346977233887
43.30655124434996,-2.368927001953125
43.305957885648446,-2.367682456970215
43.30580173765909,-2.367103099822998
43.30545821067061,-2.3663949966430664
43.30536452115505,-2.365536689758301
43.305333291284406,-2.3646998405456543
43.30559874467327,-2.3641204833984375
43.305848582098015,-2.3639273643493652
43.30559874467327,-2.3632407188415527
43.30545821067061,-2.3625969886779785
43.305255216537674,-2.362232208251953
43.30502099169581,-2.361438274383545
43.304771150869755,-2.360966205596924
43.30417777479259,-2.359485626220703
43.303927930501025,-2.358841896057129
43.30383423862699,-2.357962131500244
43.30380300797022,-2.3572754859924316
43.30369370054516,-2.3572325706481934
43.30347508510544,-2.356996536254883
43.30325646887956,-2.356846332550049
43.30280361848226,-2.357146739959717
43.30247569022674,-2.357339859008789
43.30161682212695,-2.357468605041504
43.300742325777456,-2.357017993927002
43.30039877019875,-2.3563098907470703
43.300305072885806,-2.355794906616211
43.300305072885806,-2.355623245239258
43.298087527666056,-2.3560309410095215
43.29677570228113,-2.3561596870422363
43.29530767365211,-2.3563742637634277
43.29485476404927,-2.3565244674682617
43.294198820023524,-2.356996536254883
43.293823991689294,-2.3572325706481934
43.29343354305115,-2.3572325706481934
43.29290252888035,-2.357339859008789
43.29257454722327,-2.356116771697998
43.29298061949038,-2.355773448944092
43.294151966608105,-2.3557090759277344
43.29421443782063,-2.355837821960449
43.2948859993026,-2.3557519912719727
43.29825931222789,-2.3552584648132324
43.29836862942364,-2.3549795150756836
43.29814999483561,-2.354743480682373
43.29777519085568,-2.3534345626831055
43.29772834019575,-2.3522114753723145
43.297806424608915,-2.3513317108154297
43.29802506043232,-2.350773811340332
43.29847794642286,-2.3510313034057617
43.298821512855206,-2.3506879806518555
43.29880589624129,-2.349979877471924
43.29885274607097,-2.3485207557678223
43.298915212454375,-2.347877025604248
43.299243159914354,-2.3471689224243164
43.299461790571684,-2.346632480621338
43.30005521267872,-2.3459887504577637
43.30016452664567,-2.3456454277038574
43.30094533497966,-2.345280647277832
43.301851060084715,-2.345001697540283
43.30202283401353,-2.3447012901306152
43.30216337595793,-2.3448944091796875
43.30235076471174,-2.3447012901306152
43.30238199611456,-2.344958782196045
43.30299100526267,-2.344486713409424
43.30280361848226,-2.3442506790161133
43.302850465231515,-2.3439717292785645
43.3026318467595,-2.3438000679016113
43.30269430926029,-2.343156337738037
43.3026474623907,-2.34283447265625
43.30216337595793,-2.3418688774108887
43.301991602426206,-2.3412680625915527
43.30206968136442,-2.340667247772217
43.3022726861345,-2.3401951789855957
43.30211652867923,-2.339787483215332
43.301804212565386,-2.3395514488220215
43.30142943111096,-2.339358329772949
43.30092971891124,-2.338263988494873
43.30111711146744,-2.3372769355773926
43.300617396700716,-2.335946559906006
43.30069547740376,-2.3355817794799805
43.30036753777715,-2.3349595069885254
43.30011767782677,-2.3342514038085938
43.300070828971755,-2.333371639251709
43.29921192689914,-2.331526279449463
43.29860287989559,-2.329874038696289
43.29835301269342,-2.3296380043029785
43.298431096304405,-2.329573631286621
43.297166129460884,-2.327449321746826
43.29697872472746,-2.3264408111572266
43.29705681010325,-2.3261618614196777
43.29694749054908,-2.3259472846984863
43.29686940503289,-2.325561046600342
43.296697616544364,-2.3250675201416016
43.296385272594534,-2.323329448699951
43.29658829634442,-2.3218703269958496
43.29686940503289,-2.320733070373535
43.2974472354781,-2.320132255554199
43.298009443613886,-2.320561408996582
43.29827492898219,-2.3203468322753906
43.2982280787073,-2.3199820518493652
43.298087527666056,-2.3195743560791016
43.2978532752087,-2.3194241523742676
43.29768148949972,-2.319188117980957
43.2974784693998,-2.319188117980957
43.29730668263193,-2.319059371948242
43.29697872472746,-2.3189735412597656
43.297072427166384,-2.3188233375549316
43.296619530707325,-2.3186516761779785
43.29674446799845,-2.3182225227355957
43.296369655354916,-2.3174071311950684
43.296447741512836,-2.3168492317199707
43.29658829634442,-2.3166346549987793
43.297228597577025,-2.3165488243103027
43.297525320252255,-2.3159265518188477
43.2974784693998,-2.315497398376465
43.29719736352698,-2.315196990966797
43.29697872472746,-2.314639091491699
43.29674446799845,-2.314274311065674
43.29672885085109,-2.3131155967712402
43.29685378791762,-2.3122143745422363
43.29718174649593,-2.311270236968994
43.297494086354625,-2.3105621337890625
43.298431096304405,-2.3105835914611816
43.298493563121,-2.3103904724121094
43.29821246194097,-2.309896945953369
43.297806424608915,-2.309424877166748
43.29779080773432,-2.30912446975708
43.29769710640241,-2.308802604675293
43.297634638767605,-2.308030128479004
43.29790012577236,-2.3073220252990723
43.29796259313443,-2.3069357872009277
43.29779080773432,-2.3062705993652344
43.29736915060367,-2.305734157562256
43.29657267915695,-2.3043179512023926
43.296525827570484,-2.3036742210388184
43.29674446799845,-2.3029017448425293
43.296619530707325,-2.3026013374328613
43.296369655354916,-2.3020005226135254
43.29615101357931,-2.3016357421875
43.295885518937745,-2.299790382385254
43.295713727669636,-2.2983956336975098
43.29566687542138,-2.297086715698242
43.29563564056913,-2.2962498664855957
43.295510700999806,-2.295863628387451
43.295089028058115,-2.295091152191162
43.29507341048558,-2.294447422027588
43.29518273340895,-2.293696403503418
43.295120263191095,-2.2931814193725586
43.29491723453988,-2.2925376892089844
43.294964087365706,-2.2917652130126953
43.29502655774398,-2.2911643981933594
43.29483914641661,-2.289576530456543
43.29487038167796,-2.2881388664245605
43.29491723453988,-2.287452220916748
43.294745440536325,-2.2868728637695312
43.29457364604744,-2.2862720489501953
43.29468296986926,-2.2858428955078125
43.29466735219245,-2.2855639457702637
43.294745440536325,-2.2847485542297363
43.29476105819305,-2.2842979431152344
43.29501094015544,-2.283782958984375
43.29487038167796,-2.282838821411133
43.294964087365706,-2.2819161415100098
43.29502655774398,-2.281057834625244
43.2951046456266,-2.2803282737731934
43.29535452617713,-2.278890609741211
43.29582304944185,-2.2775816917419434
43.29593237101753,-2.277216911315918
43.29679131941645,-2.2751569747924805
43.297072427166384,-2.2742557525634766
43.2974784693998,-2.2735047340393066
43.297978209964924,-2.2713589668273926
43.29825931222789,-2.270801067352295
43.298680963185696,-2.2705650329589844
43.2989308290402,-2.2701144218444824
43.29896206219981,-2.269577980041504
43.29925877641596,-2.2690200805664062
43.29953987275877,-2.269577980041504
43.29933685886378,-2.267603874206543
43.299914665861024,-2.268226146697998
43.30011767782677,-2.267947196960449
43.300430002604315,-2.268397808074951
43.300554932066085,-2.268075942993164
43.300445618801064,-2.2674965858459473
43.30033630533949,-2.2671961784362793
43.30011767782677,-2.266724109649658
43.300258224175195,-2.2664880752563477
43.29972726959869,-2.2643637657165527
43.29978973508365,-2.263913154602051
43.29938370828432,-2.2620463371276855
43.299758502349185,-2.2612738609313965
43.29978973508365,-2.261059284210205
43.30103903130588,-2.2602009773254395
43.30135135135048,-2.260608673095703
43.30147627891911,-2.2603940963745117
43.30121080752897,-2.259707450866699
43.3013825832667,-2.259342670440674
43.30217899170948,-2.2594285011291504
43.303053467394456,-2.260115146636963
43.30330331527985,-2.2599220275878906
43.30325646887956,-2.2594070434570312
43.30306908291739,-2.2586989402770996
43.303194006956346,-2.2582483291625977
43.303678085182675,-2.2576904296875
43.30358439292356,-2.2568535804748535
43.30333454619333,-2.255887985229492
43.30314716047181,-2.255115509033203
43.30288169637763,-2.2546005249023438
43.30299100526267,-2.2540855407714844
43.30277238729604,-2.2535276412963867
43.30277238729604,-2.253248691558838
43.30267869364112,-2.2527122497558594
43.30230391757743,-2.2521543502807617
43.30231953329288,-2.251768112182617
43.302506921565374,-2.2510600090026855
43.3024600745514,-2.2504806518554688
43.302225838940046,-2.2498583793640137
43.30211652867923,-2.2497081756591797
43.30005521267872,-2.252798080444336
43.2995867220229,-2.253549098968506
43.29888397927069,-2.254471778869629
43.29825931222789,-2.254965305328369
43.297993826791405,-2.2552013397216797
43.29741600154037,-2.2553086280822754
43.29700995888982,-2.25569486618042
43.29640088983014,-2.2565102577209473
43.296369655354916,-2.2566604614257812
43.29596360571735,-2.2571539878845215
43.29541699615432,-2.2579050064086914
43.2951046456266,-2.258162498474121
43.29483914641661,-2.258119583129883
43.29476105819305,-2.2577977180480957
43.295526318460006,-2.257218360900879
43.29597922306124,-2.256317138671875
43.29494846976111,-2.255415916442871
43.29443308655923,-2.254300117492676
43.294151966608105,-2.252991199493408
43.29490161692323,-2.251918315887451
43.29529205613576,-2.2521543502807617
43.29549508353559,-2.252647876739502
43.29501094015544,-2.2533559799194336
43.2963540381113,-2.25494384765625
43.296635147882746,-2.2546005249023438
43.29694749054908,-2.2548794746398926
43.297134895378754,-2.254664897918701
43.29594798836946,-2.2530770301818848
43.29782204147951,-2.2507166862487793
43.29686940503289,-2.24945068359375
43.297212980554015,-2.249000072479248
43.29805629405722,-2.2487640380859375
43.29872781311163,-2.249171733856201
43.29904014502866,-2.2501158714294434
43.29925877641596,-2.2507810592651367
43.29955548918417,-2.2510170936584473
43.300195759171544,-2.250974178314209
43.29888397927069,-2.252969741821289
43.2989776787736,-2.253270149230957
43.301569974427096,-2.2493648529052734
43.301554358519134,-2.2491931915283203
43.301304503446076,-2.2492361068725586
43.30077355800652,-2.247283458709717
43.30099218316082,-2.246875762939453
43.30108587941486,-2.2464680671691895
43.30149189484712,-2.245910167694092
43.30181982840917,-2.246103286743164
43.30300662080163,-2.2444510459899902
43.30336577709078,-2.244687080383301
43.30347508510544,-2.244558334350586
43.30336577709078,-2.2446656227111816
43.30342823883749,-2.244429588317871
43.30328769981709,-2.2441935539245605
43.30330331527985,-2.2437429428100586
43.303412623406814,-2.243378162384033
43.30360000831011,-2.2423696517944336
43.30339700797215,-2.241811752319336
43.30342823883749,-2.2414469718933105
43.303943545799335,-2.239816188812256
43.30444323322727,-2.239236831665039
43.30502099169581,-2.2389793395996094
43.30587981170391,-2.239108085632324
43.306473171167504,-2.239558696746826
43.306691775825676,-2.239408493041992
43.30736319950312,-2.2396230697631836
43.30808145848243,-2.2389578819274902
43.30808145848243,-2.238593101501465
43.30850304132175,-2.2373056411743164
43.3085342695639,-2.2367477416992188
43.308424970646186,-2.2361040115356445
43.30900269127084,-2.233872413635254
43.30909637517903,-2.232949733734131
43.30947110936788,-2.2319626808166504
43.309658475595896,-2.2314906120300293
43.3099239100969,-2.2312545776367188
43.309955137609045,-2.2306108474731445
43.31017372974479,-2.22947359085083
43.31040793473213,-2.2289156913757324
43.3107045930872,-2.228529453277588
43.31089195551276,-2.2281432151794434
43.31079827437218,-2.227199077606201
43.31084511496052,-2.2269201278686523
43.31053284368971,-2.225503921508789
43.31042354836587,-2.224881649017334
43.310610911657804,-2.2241735458374023
43.310673365960106,-2.223680019378662
43.31056407088899,-2.223036289215088
43.31043916199558,-2.223036289215088
43.3103923210944,-2.2233152389526367
43.31026741184803,-2.223336696624756
43.31025179817417,-2.2231006622314453
43.31012688863903,-2.2223281860351562
43.30964286176563,-2.221856117248535
43.30953356484139,-2.2209763526916504
43.309252514705165,-2.2200965881347656
43.30909637517903,-2.218637466430664
43.30908076120437,-2.21799373626709
43.30908076120437,-2.2175216674804688
43.30892462123703,-2.2173070907592773
43.308846551102974,-2.216813564300537
43.30887777916861,-2.2162985801696777
43.30909637517903,-2.2159767150878906
43.308955849262595,-2.215590476989746
43.30881532302126,-2.2154831886291504
43.30862795419408,-2.2154617309570312
43.307753558696945,-2.2150111198425293
43.30726951292359,-2.2144532203674316
43.30712898278353,-2.213916778564453
43.3070977538194,-2.213466167449951
43.30719144066368,-2.2130370140075684
43.30731635623141,-2.2125864028930664
43.30712898278353,-2.2122859954833984
43.307160211731635,-2.2121357917785645
43.30667616123332,-2.211771011352539
43.306270180423844,-2.2109556198120117
43.305926656082654,-2.2104406356811523
43.305926656082654,-2.2095179557800293
43.30612964797345,-2.209324836730957
43.30608280375114,-2.2091317176818848
43.30589542650083,-2.20900297164917
43.305770508013076,-2.208552360534668
43.30562997440753,-2.2083592414855957
43.304614999832026,-2.2079944610595703
43.304583769576354,-2.2077155113220215
43.30442761805732,-2.2075653076171875
43.30370931590362,-2.2072434425354004
43.30355316213843,-2.2064924240112305
43.303662469816175,-2.2056984901428223
43.30403723750493,-2.205054759979248
43.30469307540101,-2.2050976753234863
43.306832306976496,-2.2031664848327637
43.307956544487006,-2.203660011291504
43.30915883103762,-2.2034668922424316
43.309564792554085,-2.203059196472168
43.31028302551785,-2.203209400177002
43.310361093806854,-2.203059196472168
43.3100488200492,-2.202780246734619
43.310033206319176,-2.202630043029785
43.310673365960106,-2.202286720275879
43.311188611505315,-2.2025227546691895
43.31161017279336,-2.202286720275879
43.31136035904972,-2.2020721435546875
43.31151649275984,-2.2019219398498535
43.31140719920488,-2.2017717361450195
43.31145403932392,-2.2012996673583984
43.31139158582383,-2.201063632965088
43.31140719920488,-2.200784683227539
43.31095440952627,-2.200334072113037
43.31029863918369,-2.1999049186706543
43.3100488200492,-2.199711799621582
43.310033206319176,-2.199432849884033
43.31022057081446,-2.199110984802246
43.31014250234495,-2.198960781097412
43.30986145502447,-2.1989822387695312
43.3097833860937,-2.199540138244629
43.30961163409303,-2.1996045112609863
43.309439881607034,-2.199239730834961
43.309252514705165,-2.199089527130127
43.307160211731635,-2.200140953063965
43.305770508013076,-2.196643352508545
43.30556751492298,-2.1966004371643066
43.30545821067061,-2.1968793869018555
43.303927930501025,-2.1981239318847656
43.30403723750493,-2.1984457969665527
43.30569243382788,-2.197244167327881
43.306738619578724,-2.200634479522705
43.30680107785995,-2.2013211250305176
43.30680107785995,-2.201814651489258
43.30666054663692,-2.2018790245056152
43.30644194186646,-2.201385498046875
43.30500537667426,-2.2026944160461426
43.30463061495385,-2.202436923980713
43.30520837164149,-2.2014284133911133
43.304927301506346,-2.2011494636535645
43.3041465443123,-2.202179431915283
43.303818623300586,-2.202479839324951
43.303443854264145,-2.202630043029785
43.30281923406936,-2.2025227546691895
43.301991602426206,-2.2022438049316406
43.30181982840917,-2.2022438049316406
43.300757941893984,-2.20125675201416
43.30063301284935,-2.2009992599487305
43.299461790571684,-2.1994543075561523
43.29896206219981,-2.1976089477539062
43.2988371294651,-2.1965789794921875
43.299243159914354,-2.1950769424438477
43.29933685886378,-2.19451904296875
43.29949302345856,-2.193725109100342
43.299399324749814,-2.193574905395508
43.299243159914354,-2.1937036514282227
43.29863411322367,-2.192502021789551
43.29857164655148,-2.192051410675049
43.29711927833167,-2.192244529724121
43.296322803612036,-2.1923089027404785
43.29554193591621,-2.191922664642334
43.29505779290908,-2.191193103790283
43.294151966608105,-2.191042900085449
43.29357410484967,-2.1909356117248535
43.29251207432611,-2.1901416778564453
43.292324655249686,-2.1895623207092285
43.29290252888035,-2.1883606910705566
43.293074328090036,-2.1877598762512207
43.29274634735947,-2.1876955032348633
43.292886910746304,-2.186601161956787
43.29343354305115,-2.185485363006592
43.29440185107325,-2.1845197677612305
43.29476105819305,-2.1838974952697754
43.29476105819305,-2.183704376220703
43.29451117520391,-2.1837472915649414
43.29398017044266,-2.1828675270080566
43.293730284244766,-2.1826529502868652
43.29355848688812,-2.1825456619262695
43.29352725095295,-2.182309627532959
43.2931368004096,-2.1816658973693848
43.2930430919062,-2.1813225746154785
43.29266825644863,-2.1809792518615723
43.29221532718837,-2.1810007095336914
43.29207476224933,-2.1808505058288574
43.29224656379736,-2.180335521697998
43.292043525552074,-2.179691791534424
43.29159059163918,-2.179391384124756
43.291496880753314,-2.1790695190429688
43.29112203576589,-2.178812026977539
43.290778425831235,-2.1788978576660156
43.290356720076396,-2.1788763999938965
43.290106818990125,-2.1788978576660156
43.29023176966162,-2.1787476539611816
43.28984129796089,-2.178640365600586
43.289482061782216,-2.178468704223633
43.28915406167909,-2.178683280944824
43.288357482636165,-2.1787047386169434
43.288185670102344,-2.1785974502563477
43.28777956582045,-2.177245616912842
43.28774832691724,-2.1765589714050293
43.28774832691724,-2.1749496459960938
43.28781080470763,-2.1735548973083496
43.28802947646864,-2.1712803840637207
43.288107573335644,-2.1693062782287598
43.28824814744354,-2.168276309967041
43.288701106247885,-2.1665167808532715
43.28899787053212,-2.164735794067383
43.289138442582455,-2.163684368133545
43.28965387065413,-2.1618175506591797
43.28973196543545,-2.161281108856201
43.289685108578695,-2.1605944633483887
43.29071595108908,-2.155766487121582
43.29113765435314,-2.1541571617126465
43.291887341825216,-2.153449058532715
43.29248083785348,-2.153749465942383
43.29290252888035,-2.1533846855163574
43.29296500137639,-2.1529126167297363
43.29337107103642,-2.1524405479431152
43.29374590216223,-2.1520543098449707
43.29398017044266,-2.1514320373535156
43.29393331685878,-2.151045799255371
43.293730284244766,-2.150444984436035
43.29374590216223,-2.150144577026367
43.29368343046837,-2.1498870849609375
43.294151966608105,-2.149629592895508
43.29435499781427,-2.149178981781006
43.294604881445174,-2.1489858627319336
43.29502655774398,-2.149651050567627
43.29518273340895,-2.149522304534912
43.295401378666035,-2.149951457977295
43.295838666821844,-2.1501660346984863
43.29601045773698,-2.1497368812561035
43.29535452617713,-2.149221897125244
43.29482352877993,-2.1485352516174316
43.29457364604744,-2.14857816696167
43.2933554530227,-2.1471405029296875
43.293402307051814,-2.1467113494873047
43.29287129260826,-2.145874500274658
43.29287129260826,-2.1454882621765137
43.29252769255641,-2.1451663970947266
43.29235589180252,-2.143857479095459
43.29249645609182,-2.143535614013672
43.292761965529614,-2.143707275390625
43.29315241847947,-2.142806053161621
43.2934179250535,-2.142462730407715
43.293464779034466,-2.1422266960144043
43.2931368004096,-2.1414542198181152
43.29302747380826,-2.141261100769043
43.292777583695745,-2.140510082244873
43.292793201857855,-2.140209674835205
43.29251207432611,-2.1395015716552734
43.292418364860104,-2.1384501457214355
43.2919498153641,-2.1366047859191895
43.29168430238067,-2.135446071624756
43.29169992082356,-2.135038375854492
43.29104394276936,-2.133643627166748
43.290778425831235,-2.1334290504455566
43.29034110128861,-2.1329140663146973
43.28991939250158,-2.1329355239868164
43.289638251685815,-2.13284969329834
43.28938834764753,-2.13259220123291
43.28898225139537,-2.132720947265625
43.288013857083214,-2.131991386413574
43.28781080470763,-2.131519317626953
43.28749841511392,-2.1310901641845703
43.287248502283845,-2.1309399604797363
43.28712354548375,-2.130725383758545
43.28696734912266,-2.1308326721191406
43.286748673543336,-2.130725383758545
43.28659247621966,-2.1308112144470215
43.286108261967335,-2.1305108070373535
43.28601454263458,-2.1302103996276855
43.28582710353593,-2.1298885345458984
43.28554594380499,-2.129802703857422
43.285483463688315,-2.130725383758545
43.28532726311586,-2.130875587463379
43.28431194961847,-2.1309614181518555
43.2839058194747,-2.1306610107421875
43.28359340982682,-2.1307897567749023
43.283452824961884,-2.1311545372009277
43.28343720440128,-2.1316051483154297
43.28318727488614,-2.1317124366760254
43.28285924083932,-2.129373550415039
43.28509296150513,-2.1278929710388184
43.286748673543336,-2.1279144287109375
43.287326600153534,-2.1283435821533203
43.289185299860364,-2.12984561920166
43.28988815469734,-2.130575180053711
43.29096584967259,-2.131798267364502
43.291153272936405,-2.131626605987549
43.2896694896184,-2.129952907562256
43.28876358305961,-2.129180431365967
43.28910720437711,-2.1283435821533203
43.289357109570545,-2.1276354789733887
43.289638251685815,-2.127249240875244
43.289950630289766,-2.1275711059570312
43.290497288986224,-2.127377986907959
43.2905441452173,-2.127077579498291
43.29052852647763,-2.126755714416504
43.291028324158034,-2.126133441925049
43.29118451009087,-2.1262192726135254
43.29190296021594,-2.125253677368164
43.29198105210947,-2.124803066253662
43.292558929005004,-2.12460994720459
43.29259016543751,-2.1242880821228027
43.292793201857855,-2.1245884895324707
43.29312118233573,-2.1242666244506836
43.29324612681443,-2.124030590057373
43.29352725095295,-2.1242666244506836
43.29399578829592,-2.123086452484131
43.293730284244766,-2.122528553009033
43.29366781253488,-2.121455669403076
43.29380837379191,-2.120962142944336
43.2945424106337,-2.1207261085510254
43.29485476404927,-2.1202969551086426
43.29549508353559,-2.120039463043213
43.29602607506884,-2.1194815635681152
43.29585428419782,-2.1190953254699707
43.29610416166797,-2.118558883666992
43.29597922306124,-2.1184515953063965
43.29613539627952,-2.1183013916015625
43.29605730972052,-2.1178293228149414
43.29605730972052,-2.1172285079956055
43.296416507061714,-2.116563320159912
43.296760085141784,-2.1162843704223633
43.296603913527875,-2.11611270904541
43.297228597577025,-2.1146106719970703
43.29783765834612,-2.1144819259643555
43.29804067724677,-2.1140313148498535
43.29850917981511,-2.113645076751709
43.29875904637552,-2.113173007965088
43.299102611219524,-2.112743854522705
43.29932124238223,-2.112915515899658
43.299820967802056,-2.1120786666870117
43.299758502349185,-2.1117353439331055
43.299836584155244,-2.111349105834961
43.299758502349185,-2.1108126640319824
43.29964918765226,-2.110447883605957
43.29985220050441,-2.1097397804260254
43.30033630533949,-2.1092891693115234
43.30103903130588,-2.1089673042297363
43.301632438018885,-2.1074867248535156
43.30153874260713,-2.107229232788086
43.301304503446076,-2.105555534362793
43.301257655505566,-2.1051907539367676
43.301070263382535,-2.1049118041992188
43.301257655505566,-2.1043968200683594
43.301726133286216,-2.1038174629211426
43.302257070407016,-2.1036458015441895
43.302397611809965,-2.1033883094787598
43.30300662080163,-2.102937698364258
43.30328769981709,-2.1024656295776367
43.30338139253346,-2.10188627243042
43.303240853404766,-2.100985050201416
43.30333454619333,-2.100362777709961
43.303678085182675,-2.0996975898742676
43.303974776383924,-2.0984745025634766
43.30389669989239,-2.0981526374816895
43.30416215955446,-2.0967578887939453
43.303974776383924,-2.0964789390563965
43.30431831175535,-2.0958781242370605
43.304505693866965,-2.094998359680176
43.304583769576354,-2.09414005279541
43.30506783673637,-2.0934319496154785
43.30531767634308,-2.093625068664551
43.30548944047708,-2.093067169189453
43.30536452115505,-2.0928525924682617
43.30542698084814,-2.092573642730713
43.30548944047708,-2.092745304107666
43.30559874467327,-2.0924878120422363
43.30542698084814,-2.09214448928833
43.30594227086755,-2.091801166534424
43.30634825386701,-2.0903420448303223
43.30608280375114,-2.089505195617676
43.306738619578724,-2.0871877670288086
43.30681669242022,-2.086458206176758
43.30730074179949,-2.0855355262756348
43.30753495785724,-2.0847630500793457
43.30764425837536,-2.0841193199157715
43.3080190015168,-2.082681655883789
43.307925315948026,-2.0824670791625977
43.30808145848243,-2.082209587097168
43.308300057356696,-2.081458568572998
43.3081595295992,-2.080857753753662
43.30833128570314,-2.080085277557373
43.30826882899422,-2.0798492431640625
43.3085342695639,-2.0790553092956543
43.308409356499034,-2.0787978172302246
43.30858111189704,-2.0786261558532715
43.30848742719465,-2.078368663787842
43.30839374234788,-2.0784759521484375
43.30814391538385,-2.077810764312744
43.3082376006157,-2.0775532722473145
43.30798777300993,-2.0772743225097656
43.30781601593531,-2.076244354248047
43.3080190015168,-2.0760297775268555
43.3080190015168,-2.0756006240844727
43.30759741532023,-2.0752787590026855
43.30745688593826,-2.0743346214294434
43.30748811471789,-2.074098587036133
43.307378813918994,-2.0738840103149414
43.30731635623141,-2.0736265182495117
43.30798777300993,-2.072296142578125
43.30887777916861,-2.0714807510375977
43.30959602025073,-2.0712876319885254
43.309830227464204,-2.0708370208740234
43.310782660834704,-2.070944309234619
43.31103247695289,-2.0705580711364746
43.31101686347559,-2.070300579071045
43.311251065214,-2.069249153137207
43.311251065214,-2.0687127113342285
43.31129790545338,-2.068347930908203
43.31117299806814,-2.0681333541870117
43.311329132259566,-2.0674681663513184
43.31136035904972,-2.066802978515625
43.31193805177361,-2.0663952827453613
43.31200050471217,-2.066009044647217
43.31229715529384,-2.0653438568115234
43.31221908949167,-2.064700126647949
43.31214102358923,-2.06392765045166
43.311797532427256,-2.0635414123535156
43.311594559464474,-2.0629405975341797
43.31121983836769,-2.062532901763916
43.31139158582383,-2.0621681213378906
43.31145403932392,-2.0618247985839844
43.31214102358923,-2.060537338256836
43.31243767348502,-2.0607948303222656
43.31262503056785,-2.060387134552002
43.31259380442749,-2.0598936080932617
43.31248451280987,-2.0597004890441895
43.31262503056785,-2.059013843536377
43.31282800008915,-2.05869197845459
43.31270309584859,-2.0584559440612793
43.31276554800094,-2.0580267906188965
43.31248451280987,-2.057812213897705
43.31239083412404,-2.0572543144226074
43.31256257827108,-2.0569968223571777
43.31256257827108,-2.055966854095459
43.31270309584859,-2.05568790435791
43.312640643632015,-2.055237293243408
43.312921678101105,-2.0544862747192383
43.31296851705294,-2.053821086883545
43.312859226109175,-2.053391933441162
43.31306219484831,-2.0515894889831543
43.31328077580929,-2.0508170127868652
43.313936513975214,-2.0488429069519043
43.31423315510682,-2.0484352111816406
43.31424876775784,-2.047748565673828
43.314592245065626,-2.047126293182373
43.31457663250284,-2.0467400550842285
43.31487327050982,-2.046332359313965
43.31554460381041,-2.0460104942321777
43.31566950221088,-2.045559883117676
43.31602858368223,-2.045774459838867
43.3164344993122,-2.0453882217407227
43.31715265109205,-2.0453882217407227
43.31743366469553,-2.0441436767578125
43.31732438178193,-2.044079303741455
43.31724632243761,-2.0435428619384766
43.31746488834902,-2.0420408248901367
43.31729315805622,-2.0415258407592773
43.31746488834902,-2.041311264038086
43.31713703918708,-2.0409035682678223
43.316918472096404,-2.0394015312194824
43.31704336767308,-2.0386290550231934
43.317480500169744,-2.0383501052856445
43.3172150986718,-2.037813663482666
43.317402441025976,-2.0375776290893555
43.31801129968802,-2.037792205810547
43.31808935804965,-2.0374488830566406
43.3189167705176,-2.036869525909424
43.31926022144042,-2.0357751846313477
43.319150941811934,-2.035517692565918
43.31963489296027,-2.0346808433532715
43.31949439141108,-2.0343375205993652
43.31955683658415,-2.033565044403076
43.31979100541164,-2.033071517944336
43.320009562169716,-2.0332860946655273
43.3201500625276,-2.0326852798461914
43.32024372925238,-2.032771110534668
43.32064961672439,-2.031548023223877
43.32097744693383,-2.030775547027588
43.320961836011584,-2.0300674438476562
43.32075889365742,-2.029852867126465
43.32064961672439,-2.0293593406677246
43.320415451206074,-2.0293807983398438
43.320431062268696,-2.028501033782959
43.320212507026824,-2.028050422668457
43.32024372925238,-2.027621269226074
43.32046228438194,-2.027428150177002
43.32039984013942,-2.0271921157836914
43.320790115602165,-2.026848793029785
43.3207745046318,-2.0264196395874023
43.32057156165188,-2.0261621475219727
43.32064961672439,-2.025883197784424
43.3205091175217,-2.0258617401123047
43.32058717267441,-2.0255184173583984
43.32035300691541,-2.025325298309326
43.32044667332733,-2.024960517883301
43.3204935064791,-2.024552822113037
43.3207745046318,-2.0243167877197266
43.320899392282485,-2.024059295654297
43.321398940318176,-2.0237374305725098
43.32146138353383,-2.0233726501464844
43.32167993428323,-2.023630142211914
43.32196092694871,-2.022836208343506
43.322179475901095,-2.0230722427368164
43.32230436066381,-2.0226216316223145
43.32210142279408,-2.0223426818847656
43.32221069711584,-2.0217204093933105
43.32163310204598,-2.0216989517211914
43.3216174912922,-2.021334171295166
43.32136771868629,-2.0206689834594727
43.32136771868629,-2.0201539993286133
43.32163310204598,-2.0197463035583496
43.321726766484396,-2.01998233795166
43.32196092694871,-2.0195960998535156
43.32180482007278,-2.019510269165039
43.32174237721009,-2.0182228088378906
43.32157065900681,-2.017793655395508
43.321586269772624,-2.0169997215270996
43.32144577273593,-2.0163989067077637
43.32118038855797,-2.015969753265381
43.32110233416738,-2.015390396118164
43.320930614155046,-2.015347480773926
43.320868170393894,-2.0156049728393555
43.32072767169659,-2.0154976844787598
43.32091500322079,-2.014918327331543
43.321133555935646,-2.014467716217041
43.32100866876627,-2.014188766479492
43.32116477768788,-2.013845443725586
43.32107111238305,-2.0135021209716797
43.32163310204598,-2.0131373405456543
43.32169554502098,-2.0127296447753906
43.321976537614226,-2.0122361183166504
43.32277267623752,-2.012665271759033
43.322944391043386,-2.0129871368408203
43.323209767515955,-2.0126867294311523
43.323600024928616,-2.013115882873535
43.32375612719172,-2.012794017791748
43.323584414680234,-2.0123648643493652
43.32381856798464,-2.0113563537597656
43.323849788357045,-2.010648250579834
43.3240683305146,-2.0098114013671875
43.32428687188594,-2.009575366973877
43.324302481953815,-2.0090818405151367
43.3240683305146,-2.008030414581299
43.323912229053704,-2.0076656341552734
43.32366246588198,-2.007472515106201
43.322897559780834,-2.00650691986084
43.322585350441244,-2.006356716156006
43.32241363462055,-2.006056308746338
43.32247607679334,-2.005906105041504
43.32219508651048,-2.00575590133667
43.32214825467032,-2.005949020385742
43.32194531627915,-2.0058417320251465
43.32199214827575,-2.005455493927002
43.32188287356088,-2.0051980018615723
43.32169554502098,-2.0050477981567383
43.320290562560615,-2.0047688484191895
43.319931506274955,-2.004704475402832
43.319291444155326,-2.004833221435547
43.31813619301846,-2.005155086517334
43.31766784170567,-2.0048975944519043
43.31768345347425,-2.0041251182556152
43.31718387488994,-2.0024514198303223
43.31660623203168,-2.000563144683838
43.31593491045948,-1.9987821578979492
43.315700726770864,-1.9983959197998047
43.3158724615641,-1.9977092742919922
43.315482154513916,-1.9981169700622559
43.314998170290075,-1.9974517822265625
43.314998170290075,-1.9968080520629883
43.31485765801923,-1.9965505599975586
43.314920107957484,-1.9962716102600098
43.31474837047284,-1.9960784912109375
43.31460785762438,-1.9952201843261719
43.31471714542349,-1.994941234588623
43.31462347017915,-1.9941902160644531
43.31481082052343,-1.9927096366882324
43.3152011318855,-1.9910788536071777
43.315700726770864,-1.989748477935791
43.31620031754891,-1.988375186920166
43.317480500169744,-1.9865942001342773
43.31808935804965,-1.9859504699707031
43.318932381965304,-1.9852209091186523
43.31980661663472,-1.9850707054138184
43.32038422906876,-1.9852852821350098
43.320899392282485,-1.9862937927246094
43.32166432354151,-1.987001895904541
43.32196092694871,-1.9878172874450684
43.322460466256146,-1.9900059700012207
43.32228875008249,-1.9901776313781738
43.32263218194445,-1.9919586181640625
43.32280389714742,-1.9925379753112793
43.323116105363894,-1.993117332458496
43.323381481086386,-1.99326753616333
43.3233970913869,-1.9934391975402832
43.32355319417147,-1.9935894012451172
43.32355319417147,-1.9932246208190918
43.32414638109461,-1.9936752319335938
43.32428687188594,-1.9938254356384277
43.324411752316614,-1.9940829277038574
43.32484883180226,-1.9938254356384277
43.325082980233105,-1.9930744171142578
43.32578542011061,-1.9922590255737305
43.32675321285904,-1.991894245147705
43.32675321285904,-1.991593837738037
43.32706540077908,-1.9911861419677734
43.32728393136841,-1.9898343086242676
43.3274712426764,-1.9896626472473145
43.32764294420131,-1.9886541366577148
43.327424414903554,-1.9884181022644043
43.32734636853527,-1.9881176948547363
43.32717466617201,-1.9882464408874512
43.32706540077908,-1.9881391525268555
43.32633175662195,-1.9857144355773926
43.32651907086612,-1.9855642318725586
43.32592590711142,-1.983933448791504
43.32597273603949,-1.9837403297424316
43.325473225612306,-1.982409954071045
43.325161029509516,-1.9820666313171387
43.32475517217721,-1.9815731048583984
43.32434931213337,-1.981337070465088
43.3238810087134,-1.9810152053833008
43.3233970913869,-1.9806718826293945
43.32377173739596,-1.9796204566955566
43.325004930856444,-1.9803500175476074
43.32534834736372,-1.9800496101379395
43.325270298327986,-1.9793200492858887
43.32525468850881,-1.9771957397460938
43.32555127438731,-1.9759082794189453
43.32689369762162,-1.9736766815185547
43.326846869403525,-1.9734835624694824
43.32672199397882,-1.9734406471252441
43.32661272777158,-1.9735479354858398
43.32650346136784,-1.9735050201416016
43.326550289850665,-1.9730114936828613
43.32765855340677,-1.9714021682739258
43.3283297454474,-1.9717884063720703
43.32848583555666,-1.9720458984375
43.32943797653699,-1.9720888137817383
43.32959406379831,-1.9719171524047852
43.33095200604659,-1.9717669486999512
43.33113930604302,-1.9721317291259766
43.33112369773203,-1.9718313217163086
43.33216944569846,-1.9713807106018066
43.3322162698131,-1.9711017608642578
43.3325908614305,-1.9716811180114746
43.332465997814765,-1.9711875915527344
43.33362097646511,-1.9716596603393555
43.33430771011434,-1.972346305847168
43.334838362615265,-1.9727325439453125
43.335369010479226,-1.972646713256836
43.33540022491507,-1.972947120666504
43.33557190402531,-1.9730114936828613
43.335478260934416,-1.9724535942077637
43.33563433267234,-1.9725823402404785
43.33561872551661,-1.9726252555847168
43.33561872551661,-1.972346305847168
43.335384617699155,-1.9716811180114746
43.334651074026766,-1.9705009460449219
43.33457303694443,-1.9705438613891602
43.33441696247888,-1.9702649116516113
43.33454182208341,-1.97005033493042
43.33404238212497,-1.9683551788330078
43.33393312908653,-1.9683551788330078
43.333886306295604,-1.9681406021118164
43.334214065073965,-1.9677543640136719
43.334214065073965,-1.9674968719482422
43.3347915405223,-1.9673895835876465
43.334838362615265,-1.967604160308838
43.33499443599779,-1.9673466682434082
43.33529097431947,-1.9675397872924805
43.33533779602735,-1.9669604301452637
43.33529097431947,-1.9664883613586426
43.33580601112073,-1.9667458534240723
43.33599329614726,-1.9662737846374512
43.33589965370619,-1.9656085968017578
43.33624300861742,-1.9652652740478516
43.3360869384439,-1.9649219512939453
43.3360869384439,-1.964707374572754
43.33594647494478,-1.9644498825073242
43.336149366561436,-1.9641923904418945
43.3357747968935,-1.9633126258850098
43.33594647494478,-1.9631624221801758
43.336196187607484,-1.963655948638916
43.33633665052899,-1.9634413719177246
43.33633665052899,-1.963183879852295
43.33657075467614,-1.9633126258850098
43.33650832699182,-1.963033676147461
43.33675803734404,-1.9632482528686523
43.3364771131256,-1.9624972343444824
43.3365863615872,-1.9623470306396484
43.336820464771655,-1.9626474380493164
43.33707017384028,-1.9622397422790527
43.337304275159504,-1.9626045227050781
43.33755398223856,-1.9627761840820312
43.33774126187392,-1.9624543190002441
43.33789732779553,-1.9626259803771973
43.33816263894164,-1.962282657623291
43.33814703243573,-1.9620037078857422
43.337912934365605,-1.9615530967712402
43.337834901475034,-1.9612526893615723
43.33624300861742,-1.9576478004455566
43.33639907838982,-1.9574975967407227
43.3363522575002,-1.956939697265625
43.33561872551661,-1.95556640625
43.336133759538086,-1.9553303718566895
43.33560311835686,-1.9538283348083496
43.33618058059614,-1.9539356231689453
43.33558751119308,-1.9520044326782227
43.335447046538725,-1.9519400596618652
43.33540022491507,-1.9522833824157715
43.334963221353355,-1.9514679908752441
43.33471350362046,-1.9498157501220703
43.334666681431194,-1.950373649597168
43.33451060720633,-1.9501376152038574
43.33433892509568,-1.9501805305480957
43.33424528010348,-1.9499015808105469
43.33413602743004,-1.9498586654663086
43.33405798968583,-1.9502449035644531
43.3338082682305,-1.9505023956298828
43.3338082682305,-1.9501805305480957
43.3335741534335,-1.9500088691711426
43.333386860946085,-1.9501376152038574
43.33301227423839,-1.9507598876953125
43.33248160578078,-1.950845718383789
43.33206018929059,-1.9504594802856445
43.33176363519275,-1.9493865966796875
43.3314202549546,-1.9480562210083008
43.33174802704224,-1.9464468955993652
43.33191971647738,-1.9454383850097656
43.332294309923924,-1.945180892944336
43.33255964555064,-1.9454169273376465
43.332918627200456,-1.9448590278625488
43.333215175658516,-1.9446015357971191
43.3335273303658,-1.9452452659606934
43.333652191799445,-1.9447088241577148
43.333823875851536,-1.9451165199279785
43.33405798968583,-1.9452667236328125
43.33432331760701,-1.9447088241577148
43.334604251789386,-1.9426703453063965
43.334666681431194,-1.9424772262573242
43.334853969971576,-1.9427990913391113
43.33486957732387,-1.942284107208252
43.33505686523847,-1.9420695304870605
43.33518172352731,-1.9409751892089844
43.335384617699155,-1.9411897659301758
43.335509475314105,-1.9410181045532227
43.3357747968935,-1.9390654563903809
43.33552508249793,-1.939709186553955
43.335447046538725,-1.9387221336364746
43.33516611625525,-1.9382929801940918
43.33532218879541,-1.936812400817871
43.33519733079536,-1.9356751441955566
43.33540022491507,-1.9344520568847656
43.335478260934416,-1.9342374801635742
43.33561872551661,-1.9345593452453613
43.33580601112073,-1.9339585304260254
43.33589965370619,-1.9340229034423828
43.33580601112073,-1.9335293769836426
43.33594647494478,-1.9333148002624512
43.33583722533194,-1.9331002235412598
43.33579040400912,-1.9321131706237793
43.33557190402531,-1.931920051574707
43.335540689677735,-1.9312334060668945
43.33513490169908,-1.93159818649292
43.33427649511691,-1.931748390197754
43.33397995184135,-1.9320273399353027
43.333745837706225,-1.931920051574707
43.33376144534331,-1.9312119483947754
43.33287180362735,-1.9310188293457031
43.33257525349258,-1.9298386573791504
43.331982148878915,-1.9294095039367676
43.33204458121629,-1.9285297393798828
43.33184167588523,-1.9279074668884277
43.33188850025254,-1.9267702102661133
43.33213822960199,-1.9265341758728027
43.33213822960199,-1.926126480102539
43.33168559440002,-1.9256114959716797
43.33127978066126,-1.9254612922668457
43.33024962591565,-1.9256973266601562
43.32989062848974,-1.9257402420043945
43.32948480275749,-1.9250750541687012
43.32926628008624,-1.9250750541687012
43.32918823608453,-1.9247961044311523
43.328985321210816,-1.9243240356445312
43.32871996996847,-1.923530101776123
43.328298527377406,-1.923079490661621
43.327611725778326,-1.9230365753173828
43.3271590568422,-1.9228005409240723
43.32664394670799,-1.921985149383545
43.32636297570275,-1.9215774536132812
43.325504445134335,-1.9217705726623535
43.32505176049449,-1.9226717948913574
43.32478639206827,-1.9248175621032715
43.32292878062654,-1.9257616996765137
43.32253851890191,-1.9273710250854492
43.32278828669447,-1.9320058822631836
43.322038980236236,-1.9318127632141113
43.32164871279574,-1.9269847869873047
43.32192970560559,-1.9239377975463867
43.32296000145621,-1.923208236694336
43.322913170205695,-1.922307014465332
43.321976537614226,-1.9217920303344727
43.31966611548264,-1.9159126281738281
43.319853450279886,-1.9156980514526367
43.31897921628432,-1.9136381149291992
43.31911971902482,-1.9098830223083496
43.321414551128115,-1.9079303741455078
43.32178920936312,-1.9069218635559082
43.32143016193403,-1.9066214561462402
43.32241363462055,-1.9045400619506836
43.32238241351013,-1.9039177894592285
43.32224191831454,-1.9037246704101562
43.32188287356088,-1.9037675857543945
43.321414551128115,-1.9043684005737305
43.32082133753089,-1.905205249786377
43.320290562560615,-1.9056344032287598
43.31949439141108,-1.905806064605713
43.319463168800475,-1.905355453491211
43.32007200681334,-1.9051837921142578
43.320665227726835,-1.9046902656555176
43.321508215903464,-1.9033169746398926
43.32146138353383,-1.9031238555908203
43.32164871279574,-1.9025659561157227
43.32274145531159,-1.9018149375915527
43.323693686334614,-1.903231143951416
43.32324098820123,-1.9102263450622559
43.32297561186504,-1.9108057022094727
43.32297561186504,-1.9109773635864258
43.32310049499117,-1.9110846519470215
43.32297561186504,-1.9112563133239746
43.32269462389261,-1.911320686340332
43.322319971241086,-1.910998821258545
43.322319971241086,-1.9107627868652344
43.32219508651048,-1.9106340408325195
43.32216386528772,-1.9103550910949707
43.32157065900681,-1.9102263450622559
43.321523826685315,-1.910548210144043
43.320680838725316,-1.9105052947998047
43.32060278369291,-1.9115781784057617
43.320961836011584,-1.9117927551269531
43.320946225085336,-1.9120502471923828
43.32122722114419,-1.9122648239135742
43.32119599942406,-1.9126510620117188
43.320930614155046,-1.9126296043395996
43.32143016193403,-1.91361665725708
43.32163310204598,-1.913444995880127
43.3238810087134,-1.917264461517334
43.3240839406386,-1.9170284271240234
43.325520054889346,-1.9197320938110352
43.326003955304785,-1.920182704925537
43.32683125998947,-1.9200325012207031
43.32756489811377,-1.9207406044006348
43.32790830014876,-1.9214701652526855
43.328267309291356,-1.9218993186950684
43.32867314315831,-1.9216632843017578
43.32950041148964,-1.9222426414489746
43.3298281939382,-1.9231224060058594
43.33054618740616,-1.9235730171203613
43.33104565611702,-1.9233369827270508
43.33146707964686,-1.9237661361694336
43.331716810729155,-1.9235730171203613
43.33196654078456,-1.9238948822021484
43.332294309923924,-1.9236159324645996
43.332731332691374,-1.9240021705627441
43.33309031332637,-1.9230151176452637
43.333355645475365,-1.9228005409240723
43.333511722668526,-1.9230151176452637
43.3334492918394,-1.9234442710876465
43.333589761114716,-1.923680305480957
43.33376144534331,-1.9249463081359863
43.33507247253863,-1.9269418716430664
43.335696761255186,-1.927027702331543
43.3357747968935,-1.9281435012817383
43.335821618228344,-1.9269633293151855
43.336055724361074,-1.9261908531188965
43.33618058059614,-1.9236159324645996
43.336055724361074,-1.9231438636779785
43.33611815251069,-1.9229936599731445
43.33618058059614,-1.9225430488586426
43.336055724361074,-1.9223499298095703
43.33633665052899,-1.9188523292541504
43.336430292296164,-1.9183802604675293
43.33657075467614,-1.9171786308288574
43.336820464771655,-1.9167709350585938
43.33710138740165,-1.9165563583374023
43.33702335346813,-1.916513442993164
43.33724184822928,-1.915891170501709
43.337600802201536,-1.9147324562072754
43.337912934365605,-1.9140887260437012
43.33849037463928,-1.9129300117492676
43.33869325775609,-1.913144588470459
43.33864643863545,-1.912093162536621
43.338443555362204,-1.9119000434875488
43.3384591617919,-1.911299228668213
43.338833714901384,-1.9109559059143066
43.33898977801507,-1.9112133979797363
43.33941114641843,-1.910548210144043
43.33934872165431,-1.910247802734375
43.34000417847664,-1.9097113609313965
43.340956138879065,-1.9061279296875
43.340768869159554,-1.905806064605713
43.340956138879065,-1.90537691116333
43.340862504091504,-1.9051837921142578
43.34120583093989,-1.904754638671875
43.34120583093989,-1.9045186042785645
43.34131507089361,-1.9042181968688965
43.341221436659595,-1.9041967391967773
43.34134628227283,-1.9036388397216797
43.34125264808696,-1.9034457206726074
43.341455521973835,-1.9026732444763184
43.34158036710571,-1.9031238555908203
43.34175202874288,-1.9022226333618164
43.34193929542985,-1.9024157524108887
43.34292243605982,-1.8993043899536133
43.34329696163583,-1.899712085723877
43.34401479586492,-1.897566318511963
43.34387435070539,-1.897416114807129
43.344030400862614,-1.8972229957580566
43.34392116579467,-1.8969225883483887
43.343967980847864,-1.8965578079223633
43.34438931470192,-1.8959355354309082
43.34504471710699,-1.8953776359558105
43.345153950153225,-1.8941760063171387
43.34496669338218,-1.8938326835632324
43.3450603218399,-1.8935108184814453
43.345450438859345,-1.8937897682189941
43.34616824762459,-1.8921375274658203
43.34618385206871,-1.8917083740234375
43.347931524425185,-1.8884682655334473
43.34797833638564,-1.887803077697754
43.348165583866404,-1.8879103660583496
43.34872732284295,-1.8866658210754395
43.34872732284295,-1.886451244354248
43.349101812605774,-1.8854856491088867
43.349320263900424,-1.8855714797973633
43.34949190365179,-1.8848848342895508
43.34921103835137,-1.8839192390441895
43.3495543179865,-1.8829965591430664
43.349928802646886,-1.8835759162902832
43.35035009512801,-1.8828248977661133
43.35086500418926,-1.8824386596679688
43.351395511986425,-1.8816447257995605
43.351317496424734,-1.8819665908813477
43.35145792436357,-1.8821167945861816
43.351863603250656,-1.8814730644226074
43.35180119129069,-1.8812370300292969
43.35208204460513,-1.88140869140625
43.352628144551566,-1.8806147575378418
43.35258133617725,-1.880357265472412
43.35279977494841,-1.8805289268493652
43.35320544486604,-1.8800997734069824
43.35312743163094,-1.8799281120300293
43.35347068911524,-1.8801426887512207
43.35362671460266,-1.879713535308838
43.356107465957365,-1.8783831596374512
43.35616987348875,-1.8781471252441406
43.356435104781134,-1.8783187866210938
43.3564195029725,-1.8779325485229492
43.35677834355627,-1.8781685829162598
43.35721519009845,-1.8776321411132812
43.358166880604905,-1.8773531913757324
43.358993747123144,-1.8770098686218262
43.3589781459724,-1.8767738342285156
43.359149758410155,-1.876966953277588
43.3607878527047,-1.8761730194091797
43.36099066130247,-1.8763232231140137
43.36105306381156,-1.8760871887207031
43.36089705741851,-1.8758511543273926
43.36320591107065,-1.8751859664916992
43.363252711249615,-1.8749713897705078
43.363112310604464,-1.874842643737793
43.363018709993845,-1.874241828918457
43.363471111607325,-1.873018741607666
43.36343991160436,-1.8728256225585938
43.3636115114221,-1.8726539611816406
43.36375191091195,-1.8722033500671387
43.364375904713356,-1.8717741966247559
43.36551467685562,-1.8718171119689941
43.36562387306108,-1.8716239929199219
43.36805733749566,-1.8711090087890625
43.36807293631175,-1.8707871437072754
43.368462905410205,-1.8705081939697266
43.36861889234757,-1.8709588050842285
43.36925843459676,-1.8707871437072754
43.36893086501886,-1.8692421913146973
43.369040055074706,-1.8686628341674805
43.36936762406291,-1.86842679977417
43.3696327976624,-1.8676972389221191
43.37030352570979,-1.8677830696105957
43.370709078605195,-1.8663239479064941
43.37109903075499,-1.8665385246276855
43.37158256793872,-1.8661737442016602
43.37158256793872,-1.8652725219726562
43.3721440901529,-1.8651223182678223
43.37233126306895,-1.8648219108581543
43.37191012319547,-1.8646931648254395
43.371832134009075,-1.864156723022461
43.372378056207715,-1.8639421463012695
43.37247164237691,-1.8637704849243164
43.372050503478235,-1.8636417388916016
43.37233126306895,-1.8633413314819336
43.37178534044913,-1.8634700775146484
43.37180093830644,-1.8631482124328613
43.37158256793872,-1.8629765510559082
43.3716449595526,-1.8627405166625977
43.37137979475037,-1.8627190589904785
43.37097424633985,-1.8622684478759766
43.37072467673933,-1.8619894981384277
43.37052190068275,-1.8621182441711426
43.369773183216324,-1.8617534637451172
43.37036591863942,-1.861109733581543
43.37108343271714,-1.860959529876709
43.37108343271714,-1.8606805801391602
43.371956916659165,-1.8605732917785645
43.37186332969567,-1.860337257385254
43.37240925161348,-1.8602728843688965
43.37307994895659,-1.859908103942871
43.37318913154299,-1.8601655960083008
43.3737818335821,-1.8601012229919434
43.373906612220615,-1.8598222732543945
43.37371944416655,-1.859586238861084
43.374000196031034,-1.8592214584350586
43.374327738230186,-1.85943603515625
43.374343335433636,-1.8590497970581055
43.37415616872745,-1.8590068817138672
43.37420296045815,-1.858663558959961
43.37446811291685,-1.8584275245666504
43.375029608414096,-1.8583416938781738
43.37504520543704,-1.858062744140625
43.37484244382601,-1.857912540435791
43.375154384485214,-1.8576335906982422
43.375466323539825,-1.8572044372558594
43.3752479663701,-1.8572473526000977
43.374873637964136,-1.8570542335510254
43.37543512970657,-1.856839656829834
43.37496722028226,-1.8565607070922852
43.37470207000586,-1.8558096885681152
43.375029608414096,-1.8555307388305664
43.374873637964136,-1.8550801277160645
43.374624084409824,-1.8548226356506348
43.37440572420733,-1.8548011779785156
43.374265349376266,-1.8546295166015625
43.37507639947087,-1.8536853790283203
43.37516998147605,-1.8529772758483887
43.37529475725836,-1.8534278869628906
43.37587184191187,-1.8531489372253418
43.375715873628174,-1.8529772758483887
43.37626176086608,-1.8525266647338867
43.37719755612669,-1.851968765258789
43.37721315259199,-1.8515825271606445
43.37764985199237,-1.8511104583740234
43.377790218988835,-1.8508100509643555
43.377556273814186,-1.8507671356201172
43.37766544834135,-1.85044527053833
43.37791498937957,-1.8506383895874023
43.37855443360251,-1.8500590324401855
43.378757182801685,-1.8494367599487305
43.37958376867445,-1.8489646911621094
43.37977091862829,-1.8486428260803223
43.3786012219394,-1.849050521850586
43.37786820051313,-1.8485355377197266
43.37766544834135,-1.8486213684082031
43.37788379680597,-1.847677230834961
43.377821411610604,-1.8473553657531738
43.377899393094765,-1.8470120429992676
43.37766544834135,-1.8468403816223145
43.377525081056035,-1.8470335006713867
43.37740030986299,-1.8462395668029785
43.377181959657335,-1.8460893630981445
43.37633974435605,-1.8460679054260254
43.375918632318765,-1.8452095985412598
43.376370937723976,-1.845381259918213
43.37663608070332,-1.8450593948364258
43.37694801213592,-1.845252513885498
43.376885625977785,-1.8445014953613281
43.37749388828186,-1.8442869186401367
43.377353520599385,-1.8432998657226562
43.37799297074343,-1.8424415588378906
43.37850764522948,-1.8407249450683594
43.378538837482175,-1.841111183166504
43.37906910332279,-1.8408536911010742
43.37880397098215,-1.8417978286743164
43.37939661814294,-1.8414759635925293
43.3792874467328,-1.840982437133789
43.38036355633778,-1.8400382995605469
43.38017640821321,-1.8404889106750488
43.38005164247591,-1.8410253524780273
43.381112143059255,-1.839888095855713
43.38086261517907,-1.8398022651672363
43.38089380622025,-1.8393301963806152
43.3813772653067,-1.838386058807373
43.381657981716785,-1.8386220932006836
43.381704767658775,-1.8379569053649902
43.38226619614646,-1.8375062942504883
43.3821726250929,-1.836991310119629
43.38154881437842,-1.8373560905456543
43.381798339434454,-1.837012767791748
43.38182952999423,-1.8363046646118164
43.382936784470765,-1.8351244926452637
43.38268726410032,-1.8349099159240723
43.383108329129726,-1.8338799476623535
43.38346701184807,-1.8335795402526855
43.38346701184807,-1.8339872360229492
43.3837165290092,-1.833665370941162
43.38363855500667,-1.8334293365478516
43.38388807146175,-1.8326568603515625
43.38377890813902,-1.8325495719909668
43.38421556025056,-1.8316912651062012
43.3840440187247,-1.8316912651062012
43.38398163986767,-1.8311762809753418
43.38376331336259,-1.8312835693359375
43.383591770557004,-1.8308329582214355
43.384153181570035,-1.8302106857299805
43.38410639751753,-1.829545497894287
43.38409080282532,-1.8290090560913086
43.384324722787,-1.8285799026489258
43.38419996558644,-1.8280863761901855
43.384901721499965,-1.8273568153381348
43.38529158238615,-1.8268847465515137
43.38521361040951,-1.8266487121582031
43.38487053252074,-1.826927661895752
43.38521361040951,-1.8262839317321777
43.38488612701235,-1.826176643371582
43.38451185810648,-1.8259406089782715
43.38468339830851,-1.8255329132080078
43.38441829051895,-1.825575828552246
43.38438710129101,-1.824953556060791
43.38499528834131,-1.8244171142578125
43.38529158238615,-1.824631690979004
43.38593094881178,-1.823430061340332
43.38580619491681,-1.8232369422912598
43.38522920481285,-1.8235588073730469
43.38529158238615,-1.8231725692749023
43.3851044494737,-1.823129653930664
43.38497969387777,-1.8227863311767578
43.38555668635664,-1.8225717544555664
43.38566584647807,-1.8221640586853027
43.38522920481285,-1.8220996856689453
43.38493291046312,-1.8223142623901367
43.385026477256325,-1.8217778205871582
43.384823749021834,-1.82173490524292
43.384636614665176,-1.8214774131774902
43.384496263518564,-1.8214988708496094
43.38444947973083,-1.8213272094726562
43.383747718582136,-1.8218207359313965
43.38348260670073,-1.8217134475708008
43.383934855682774,-1.8213486671447754
43.38421556025056,-1.8207693099975586
43.384636614665176,-1.82098388671875
43.38460542554958,-1.820511817932129
43.384792560002516,-1.8203401565551758
43.38485493802512,-1.8208122253417969
43.38529158238615,-1.8204045295715332
43.38569703504809,-1.819610595703125
43.38569703504809,-1.8190526962280273
43.38583738341462,-1.8186020851135254
43.38632080307879,-1.8182587623596191
43.386601496598516,-1.817336082458496
43.38661709064482,-1.8168425559997559
43.38630520895625,-1.8169283866882324
43.38625842656455,-1.8167996406555176
43.386601496598516,-1.8160700798034668
43.38641436772977,-1.8159198760986328
43.386507932236356,-1.8146967887878418
43.386944564690815,-1.8149328231811523
43.387162879738625,-1.814568042755127
43.387755445190585,-1.814417839050293
43.387958163620596,-1.813666820526123
43.387911382504605,-1.8134307861328125
43.38781782016434,-1.812894344329834
43.387661882609606,-1.812593936920166
43.38788019507391,-1.811971664428711
43.38781782016434,-1.8116068840026855
43.38819206865894,-1.8106627464294434
43.388114100413134,-1.8102121353149414
43.38819206865894,-1.809675693511963
43.38833241124869,-1.8094182014465332
43.388145287723475,-1.8089890480041504
43.38819206865894,-1.8087315559387207
43.388036132067,-1.808474063873291
43.38820766229607,-1.807873249053955
43.38819206865894,-1.807572841644287
43.38828563042154,-1.8071651458740234
43.387926976213976,-1.806800365447998
43.3879737573179,-1.8060708045959473
43.38789578879127,-1.8054914474487305
43.3877866326855,-1.8053627014160156
43.388425972794636,-1.8048906326293945
43.38872225007079,-1.8044185638427734
43.38862868898215,-1.8043327331542969
43.38825444318339,-1.8046760559082031
43.388270036804464,-1.8041610717773438
43.38808291308671,-1.8040966987609863
43.38802053838575,-1.8031525611877441
43.38845715994455,-1.8028950691223145
43.389002932470184,-1.802809238433838
43.38920564672807,-1.8021440505981445
43.38954870008153,-1.8017363548278809
43.38968903953011,-1.8019938468933105
43.389876158289454,-1.801435947418213
43.39023480096347,-1.8016934394836426
43.3905622554646,-1.8011784553527832
43.39087411524948,-1.8004059791564941
43.39184087038484,-1.798710823059082
43.39233983474371,-1.7977237701416016
43.39241779755369,-1.7966294288635254
43.39280761009927,-1.7968225479125977
43.39302590402959,-1.796414852142334
43.39285438743622,-1.7962646484375
43.39293234958429,-1.7960500717163086
43.39321301248689,-1.795814037322998
43.39322860483225,-1.795213222503662
43.393478081812525,-1.7943763732910156
43.39375874218775,-1.7940115928649902
43.39354045089711,-1.7935395240783691
43.39369637332779,-1.7928314208984375
43.393431304956955,-1.793067455291748
43.393509266362834,-1.7923378944396973
43.393384528065276,-1.7922735214233398
43.39346248953133,-1.7917370796203613
43.393135050699875,-1.7917799949645996
43.393290974173595,-1.7911791801452637
43.392901164737104,-1.7913293838500977
43.392698462839256,-1.7911148071289062
43.392698462839256,-1.7905139923095703
43.39296353441543,-1.789247989654541
43.39282424202957,-1.7892265319824219
43.39170157541866,-1.790771484375
43.39107786275974,-1.7904281616210938
43.39095311945769,-1.7885398864746094
43.39007990915454,-1.788625717163086
43.387772078507325,-1.790771484375
43.387397827419605,-1.789999008178711
43.38546415998867,-1.7930030822753906
43.381035205389836,-1.7978954315185547
43.38034900037737,-1.7966938018798828
43.37891418298202,-1.7952346801757812
43.37735456034533,-1.7918014526367188
43.3771050170007,-1.791543960571289
43.37560773536677,-1.7918014526367188
43.37361130234503,-1.7930030822753906
43.37036695850519,-1.7925739288330078
43.36799598209759,-1.791543960571289
43.364439343707886,-1.7887115478515625
43.36319135099176,-1.785879135131836
43.363004149869994,-1.7838191986083984
43.362380141958916,-1.783132553100586
43.36175612762947,-1.783132553100586
43.360632885662326,-1.784677505493164
43.35826152877416,-1.7869091033935547
43.356951002311504,-1.7882823944091797
43.356139709840726,-1.7895698547363281
43.35464191062838,-1.789398193359375
43.35202067305002,-1.7877674102783203
43.350085877453544,-1.7857933044433594
43.348650344089535,-1.7838191986083984
43.34821343589184,-1.7818450927734375
43.34821343589184,-1.7784976959228516
43.34796377265259,-1.7777252197265625
43.3474020266097,-1.7772960662841797
43.345654339008014,-1.7771244049072266
43.344031441179766,-1.7760086059570312
43.34315755514772,-1.7733478546142578
43.34215881285053,-1.7719745635986328
43.34215881285053,-1.7706012725830078
43.34222123472545,-1.7686271667480469
43.34278302871169,-1.7659664154052734
43.34321997599575,-1.7638206481933594
43.3441562810146,-1.7620182037353516
43.34421870083575,-1.7596149444580078
43.343969021166075,-1.7578125
43.34278302871169,-1.7557525634765625
43.34128489986254,-1.7534351348876953
43.33947461151363,-1.7526626586914062
43.337976401026815,-1.7520618438720703
43.336041157767696,-1.751546859741211
43.335042298405504,-1.7526626586914062
43.333731270558765,-1.752920150756836
43.33260750987735,-1.7519760131835938
43.331296429467514,-1.7499160766601562
43.330921829866156,-1.7483711242675781
43.33110912995564,-1.7457103729248047
43.33148372840174,-1.7430496215820312
43.33148372840174,-1.7413330078125
43.33098426329349,-1.7397022247314453
43.33042236013699,-1.7378997802734375
43.329798017199415,-1.7373847961425781
43.32886149075944,-1.7374706268310547
43.32767520320563,-1.7384147644042969
43.32505280113682,-1.7382431030273438
43.323991320494805,-1.737213134765625
43.321431202638394,-1.737813949584961
43.32080676728361,-1.7377281188964844
43.3197452124516,-1.7383289337158203
43.31949543214859,-1.7392730712890625
43.316810229039795,-1.7416763305664062
43.315623706144635,-1.740732192993164
43.313500396824324,-1.7372989654541016
43.31212645126047,-1.7396163940429688
43.31168928024891,-1.739959716796875
43.3110647447774,-1.7394447326660156
43.31087738288449,-1.73858642578125
43.31087738288449,-1.7368698120117188
43.31006547467423,-1.7353248596191406
43.30862899511772,-1.7348098754882812
43.30694264971061,-1.7342090606689453
43.30506887772098,-1.7340373992919922
43.3029451996427,-1.7337799072265625
43.300946376034844,-1.7326641082763672
43.29938474936625,-1.7312908172607422
43.29794801740647,-1.731119155883789
43.29676112626865,-1.7306041717529297
43.295855325340185,-1.7299604415893555
43.295855325340185,-1.7299604415893555
43.29441850998522,-1.7291879653930664
43.29329402211396,-1.7288446426391602
43.293387730230734,-1.7299175262451172
43.293949975899054,-1.7308616638183594
43.29376256125385,-1.7318058013916016
43.293949975899054,-1.7325353622436523
43.293949975899054,-1.7331361770629883
43.29451221636928,-1.733694076538086
43.29501198131226,-1.733994483947754
43.29494951091899,-1.7347240447998047
43.29482456993995,-1.7354106903076172
43.29454345179853,-1.7356681823730469
43.29454345179853,-1.7360115051269531
43.29479333465506,-1.7367839813232422
43.29491827569827,-1.7373418807983398
43.29488704046155,-1.7376422882080078
43.29498074612363,-1.7378568649291992
43.29516815701463,-1.737685203552246
43.295480507216126,-1.737813949584961
43.295761621025754,-1.737985610961914
43.29560544684753,-1.7385005950927734
43.295761621025754,-1.7392301559448242
43.295792855813275,-1.7397022247314453
43.295574211963746,-1.739959716796875
43.29532433231594,-1.739959716796875
43.29488704046155,-1.739959716796875
43.29454345179853,-1.7402172088623047
43.29407491867501,-1.7403888702392578
43.29341896623758,-1.7407751083374023
43.293825032866444,-1.7414188385009766
43.29398121161711,-1.742405891418457
43.294449745462614,-1.7429208755493164
43.29388750441483,-1.743779182434082
43.29320031385282,-1.744680404663086
43.293012896897345,-1.7452812194824219
43.29329402211396,-1.7464828491210938
43.2930441330967,-1.7469549179077148
43.29291918820301,-1.7478132247924805
43.292981660681924,-1.7484140396118164
43.29288795193948,-1.7491865158081055
43.292763006724925,-1.749873161315918
43.292356933004804,-1.7503023147583008
43.29191961981243,-1.7505168914794922
43.29160725132122,-1.7507314682006836
43.29135735537312,-1.7514610290527344
43.29073261101071,-1.7512893676757812
43.29020157325698,-1.752018928527832
43.289451865005354,-1.7532634735107422
43.28910824563499,-1.7540788650512695
43.2896080549865,-1.7551088333129883
43.28979548243446,-1.7551946640014648
43.290045384799946,-1.7550230026245117
43.29032652373379,-1.7551517486572266
43.2905451864506,-1.755366325378418
43.29048271146886,-1.7560958862304688
43.29032652373379,-1.7567825317382812
43.290357761312904,-1.7578554153442383
43.290170335597644,-1.7586278915405273
43.28967053086666,-1.7590570449829102
43.28948310303368,-1.7603874206542969
43.28957681702237,-1.7613744735717773
43.28907700741417,-1.761331558227539
43.28904576917727,-1.7602157592773438
43.288577193698835,-1.7597436904907227
43.2877962265464,-1.7604732513427734
43.28760879293776,-1.761631965637207
43.28720268480437,-1.7627477645874023
43.28623426216014,-1.7631340026855469
43.285953104311105,-1.7637348175048828
43.285953104311105,-1.7645072937011719
43.28607806351554,-1.7654085159301758
43.28676533455162,-1.76605224609375
43.287358880561186,-1.7668676376342773
43.28773374874101,-1.767897605895996
43.287952420779064,-1.769270896911621
43.28826480804112,-1.7711591720581055
43.287889943134104,-1.777811050415039
43.286515418709655,-1.7795276641845703
43.28695277075927,-1.783604621887207
43.285984344136274,-1.7826604843139648
43.28401620381748,-1.7839479446411133
43.28254786718714,-1.7846345901489258
43.28189179042936,-1.7849349975585938
43.2810794951173,-1.7859649658203125
43.27986103181454,-1.7865228652954102
43.2790799527603,-1.7881536483764648
43.278392594898285,-1.7900848388671875
43.277955181306865,-1.791372299194336
43.277611496993394,-1.7924880981445312
43.2764554536928,-1.794290542602539
43.27298719201384,-1.7933034896850586
43.27211228397439,-1.7932605743408203
43.2693312427504,-1.791243553161621
43.26795629902431,-1.7915010452270508
43.26486256208225,-1.793990135192871
43.26489381273644,-1.794891357421875
43.26433129850646,-1.795191764831543
43.26258122099515,-1.7950630187988281
43.26183117237514,-1.7946338653564453
43.26083109317441,-1.7939472198486328
43.259518464293386,-1.7940759658813477
43.25604923745505,-1.7934322357177734
43.253736309753045,-1.7956209182739258
43.25148580929247,-1.795191764831543
43.250798139786326,-1.7950630187988281
43.25032926976227,-1.7950201034545898
43.248203680382346,-1.794118881225586
43.24685951940184,-1.7952346801757812
43.24660943966777,-1.7963504791259766
43.24598423584083,-1.7971229553222656
43.24573415251338,-1.7988824844360352
43.24545280754275,-1.8003416061401367
43.245765412985435,-1.8013715744018555
43.24535902559713,-1.8032169342041016
43.245077678893985,-1.8042898178100586
43.24323326277101,-1.80450439453125
43.24107616290484,-1.8055343627929688
43.24063848114793,-1.8062210083007812
43.23982563525766,-1.8072938919067383
43.23976310820154,-1.8097400665283203
43.23970058108125,-1.8113279342651367
43.23970058108125,-1.812272071838379
43.239262889442614,-1.813645362854004
43.23907530634926,-1.8144607543945312
43.239450471958456,-1.8154478073120117
43.23966931749706,-1.816263198852539
43.23898151458601,-1.8164348602294922
43.23860634608928,-1.8169927597045898
43.238950250632826,-1.817464828491211
43.239450471958456,-1.8178939819335938
43.23970058108125,-1.819009780883789
43.23948173565496,-1.8192672729492188
43.2392316256338,-1.8192672729492188
43.238950250632826,-1.8194818496704102
43.23841876097467,-1.8196535110473633
43.23798106012807,-1.8199539184570312
43.23763715011427,-1.820211410522461
43.23779347308843,-1.8209409713745117
43.23701185420719,-1.821455955505371
43.236667938723194,-1.8220138549804688
43.23629275598144,-1.8224000930786133
43.23566744627853,-1.8223142623901367
43.23488580012648,-1.8220138549804688
43.23429174234553,-1.8218421936035156
43.23325994401496,-1.8221426010131836
43.23338501140967,-1.8228721618652344
43.23260333598176,-1.822829246520996
43.23207179096396,-1.8225717544555664
43.23141517012963,-1.822829246520996
43.230852346641065,-1.823258399963379
43.23053966467939,-1.8240737915039062
43.23000810166306,-1.8243741989135742
43.22925765186524,-1.8251895904541016
43.2287886160495,-1.825704574584961
43.22856973143363,-1.8254899978637695
43.228444654157364,-1.827850341796875
43.22894496172244,-1.828751564025879
43.22916384499084,-1.8294811248779297
43.22953907162221,-1.8304252624511719
43.22907003797205,-1.8307685852050781
43.22769418510986,-1.8320560455322266
43.22800688166923,-1.8328285217285156
43.22894496172244,-1.8334293365478516
43.229445265180935,-1.8342876434326172
43.22907003797205,-1.8349742889404297
43.2286322699755,-1.8355321884155273
43.22788180323796,-1.8351459503173828
43.227287677184535,-1.8347597122192383
43.22669354534018,-1.835017204284668
43.22603686656432,-1.8345022201538086
43.225411451629434,-1.8340301513671875
43.22475475904202,-1.8339872360229492
43.22447331719614,-1.8345880508422852
43.22466094523776,-1.835317611694336
43.22584924275757,-1.835618019104004
43.22631830119163,-1.8361330032348633
43.22544272252856,-1.8384075164794922
43.22428568857701,-1.8409395217895508
43.224879843889795,-1.8420982360839844
43.2250674706802,-1.8430852890014648
43.22559907678364,-1.8446731567382812
43.22516128385884,-1.8455314636230469
43.224316960053635,-1.846175193786621
43.223972972928536,-1.8469476699829102
43.22437950295876,-1.8483209609985352
43.225223825897736,-1.849522590637207
43.226724815581605,-1.849822998046875
43.22706878717878,-1.8491792678833008
43.22785053359006,-1.8485784530639648
43.22869480845322,-1.8492650985717773
43.22885115436679,-1.8499088287353516
43.228444654157364,-1.8503379821777344
43.227944342485685,-1.8505525588989258
43.227131327260615,-1.8520545959472656
43.226068137142626,-1.8527412414550781
43.225286367872464,-1.8526124954223633
43.22447331719614,-1.8517112731933594
43.22391042960635,-1.8508529663085938
43.22312863266503,-1.850595474243164
43.22231555321077,-1.8513679504394531
43.22206537273554,-1.8523979187011719
43.22147118999234,-1.853170394897461
43.22097082108549,-1.8534278869628906
43.22012643924332,-1.853170394897461
43.21956351151857,-1.8529558181762695
43.21884420741801,-1.8534278869628906
43.21840636598476,-1.85394287109375
43.2185940126983,-1.8543291091918945
43.21921949757267,-1.8551015853881836
43.21953223760368,-1.8557453155517578
43.219094401111086,-1.8570327758789062
43.21875038451843,-1.8575477600097656
43.21840636598476,-1.8571186065673828
43.21803107082531,-1.8557024002075195
43.217655773355965,-1.8550586700439453
43.21724919849083,-1.8544578552246094
43.21652986708846,-1.8541574478149414
43.21596690615879,-1.8543291091918945
43.215529044064766,-1.8551015853881836
43.215529044064766,-1.855788230895996
43.215779251360644,-1.8564319610595703
43.2161545603795,-1.856989860534668
43.216436040627755,-1.8574190139770508
43.2164047651088,-1.8579769134521484
43.216436040627755,-1.858963966369629
43.21668624420213,-1.85943603515625
43.21703027244058,-1.8592214584350586
43.21718664827096,-1.8586206436157227
43.21740557375978,-1.858062744140625
43.217687048233316,-1.857590675354004
43.217999796124424,-1.857762336730957
43.21784342237937,-1.8584489822387695
43.217655773355965,-1.8590497970581055
43.217655773355965,-1.8596506118774414
43.21778087276907,-1.8604660034179688
43.21762449846259,-1.860809326171875
43.21709282282085,-1.8608951568603516
43.21621711165807,-1.8608522415161133
43.21543521606416,-1.8607234954833984
43.214371821967404,-1.8607664108276367
43.213496071728954,-1.860337257385254
43.21274541865791,-1.860337257385254
43.21224497814415,-1.8608951568603516
43.21186964506396,-1.8619680404663086
43.21208858964145,-1.863083839416504
43.21277669605367,-1.8638134002685547
43.21368373355302,-1.8633413314819336
43.21515373119609,-1.8631267547607422
43.21631093845561,-1.863856315612793
43.217155373136954,-1.8649721145629883
43.21787469716049,-1.8664312362670898
43.21925077164795,-1.8664741516113281
43.2202202600255,-1.8659162521362305
43.22143991705597,-1.8648862838745117
43.22278463883471,-1.865229606628418
43.22369152747336,-1.8659591674804688
43.22444204579972,-1.8651437759399414
43.22563034758652,-1.866774559020996
43.2276629153657,-1.8668603897094727
43.22925765186524,-1.867074966430664
43.22985175871715,-1.868276596069336
43.22966414665268,-1.8697357177734375
43.22900749987933,-1.8705081939697266
43.227318947121184,-1.8719244003295898
43.22697497693569,-1.8730831146240234
43.22825703776172,-1.8735122680664062
43.22963287791912,-1.8738985061645508
43.231039955048075,-1.8753576278686523
43.23113375903503,-1.8761301040649414
43.23200925595118,-1.8769025802612305
43.23138390229439,-1.8779754638671875
43.23035205473241,-1.878361701965332
43.22991429594364,-1.8793916702270508
43.22969541537019,-1.8805503845214844
43.22872607766801,-1.8807649612426758
43.22775672455006,-1.8802928924560547
43.227506566404266,-1.8786191940307617
43.22700624703274,-1.8784046173095703
43.22653719389234,-1.879434585571289
43.225974325359566,-1.8796920776367188
43.224879843889795,-1.8800783157348633
43.22403551618658,-1.8794775009155273
43.22350389644808,-1.8784904479980469
43.222878455526384,-1.8782329559326172
43.22225300818821,-1.879434585571289
43.22162755443358,-1.880636215209961
43.220658088433375,-1.8810224533081055
43.220251533587444,-1.8807649612426758
43.22043917462244,-1.8793058395385742
43.220251533587444,-1.877589225769043
43.22012643924332,-1.8762588500976562
43.22043917462244,-1.8749713897705078
43.219626059300204,-1.8743705749511719
43.21834381695195,-1.8755292892456055
43.21831254241147,-1.8763017654418945
43.21884420741801,-1.8778467178344727
43.21850018941372,-1.8790054321289062
43.21837509147639,-1.8805932998657227
43.2179685214075,-1.8811511993408203
43.2175306736862,-1.8806791305541992
43.21703027244058,-1.8795204162597656
43.21621711165807,-1.8793058395385742
43.215216283501285,-1.8803787231445312
43.21455948109662,-1.8804216384887695
43.214309268796,-1.879134178161621
43.21502862639321,-1.8783187866210938
43.216436040627755,-1.8776321411132812
43.21728047357669,-1.8768596649169922
43.21668624420213,-1.8761301040649414
43.21540394003186,-1.876387596130371
43.21443437507463,-1.8776750564575195
43.21340224060034,-1.878061294555664
43.213339686434416,-1.876816749572754
43.213214577910065,-1.8755292892456055
43.21262030891444,-1.8751859664916992
43.21136919736393,-1.8752717971801758
43.21049340400774,-1.8752717971801758
43.21014933889135,-1.87591552734375
43.21036828964453,-1.876688003540039
43.21068107507132,-1.8775463104248047
43.21115025020388,-1.878361701965332
43.21168197765769,-1.879434585571289
43.21215114509066,-1.880335807800293
43.212307533432934,-1.8811511993408203
43.211963478550565,-1.8819665908813477
43.211181528417704,-1.8823957443237305
43.210180617618484,-1.8824386596679688
43.20889817665203,-1.8819665908813477
43.208178746742924,-1.88140869140625
43.20745930834833,-1.88140869140625
43.20689626368572,-1.881709098815918
43.20680242240332,-1.882309913635254
43.207396748086886,-1.8829107284545898
43.208272585907935,-1.883554458618164
43.209555040027794,-1.8835973739624023
43.21083746718319,-1.8835115432739258
43.21180708932604,-1.8841552734375
43.21299563737486,-1.8850994110107422
43.21393394842017,-1.8860864639282227
43.21455948109662,-1.8872451782226562
43.21462203401136,-1.8885326385498047
43.21443437507463,-1.8895196914672852
43.213652456622434,-1.8896055221557617
43.21315202355163,-1.8893909454345703
43.21243264381804,-1.888747215270996
43.21199475634733,-1.8884897232055664
43.211056415466096,-1.8884897232055664
43.210462125441005,-1.888747215270996
43.20980527183404,-1.8891334533691406
43.20939864462757,-1.8895626068115234
43.20877305901651,-1.8894767761230469
43.20808490743354,-1.8895196914672852
43.20755314862015,-1.8896484375
43.20730290757446,-1.8901634216308594
43.207709548752355,-1.8907642364501953
43.208491543398225,-1.8917083740234375
43.208929456020805,-1.8920087814331055
43.21011806014815,-1.8918371200561523
43.210462125441005,-1.8923521041870117
43.21039956825938,-1.8932533264160156
43.21011806014815,-1.8939399719238281
43.20977399291439,-1.8946266174316406
43.209711435026996,-1.8952703475952148
43.20993038735216,-1.8962574005126953
43.21039956825938,-1.8972015380859375
43.21080618879291,-1.8988752365112305
43.21124408479729,-1.9002056121826172
43.21133791924633,-1.901707649230957
43.21133791924633,-1.9028234481811523
43.21155686573266,-1.9034242630004883
43.212338811053264,-1.9042396545410156
43.212589031438476,-1.9043254852294922
43.21374628736606,-1.9040679931640625
43.21484096870768,-1.9046688079833984
43.2154664920804,-1.905226707458496
43.21593563039921,-1.906428337097168
43.216436040627755,-1.9077157974243164
43.21684262091477,-1.9081878662109375
43.21712409798692,-1.907973289489746
43.21731174864653,-1.9073724746704102
43.217468123755076,-1.906428337097168
43.217468123755076,-1.905527114868164
43.217468123755076,-1.904454231262207
43.217749597939864,-1.9034671783447266
43.218812933134174,-1.9032955169677734
43.219313319750384,-1.9037675857543945
43.21981370226009,-1.9044113159179688
43.22009516561718,-1.9054412841796875
43.22009516561718,-1.9065141677856445
43.220157712853414,-1.9076728820800781
43.22053299492335,-1.909346580505371
43.2209082746834,-1.9103765487670898
43.22181519123368,-1.9109344482421875
43.22284718331187,-1.9105911254882812
43.22294099990729,-1.9096040725708008
43.22350389644808,-1.9087886810302734
43.22466094523776,-1.9085311889648438
43.22588051343214,-1.9090890884399414
43.227037517113786,-1.9098615646362305
43.2273502170418,-1.9106769561767578
43.22706878717878,-1.9117069244384766
43.226193219295475,-1.9124364852905273
43.22553653512971,-1.9130373001098633
43.225286367872464,-1.9141101837158203
43.22456713128913,-1.914668083190918
43.22366025567594,-1.9150543212890625
43.22312863266503,-1.9161272048950195
43.222503187893466,-1.9159126281738281
43.22206537273554,-1.9146251678466797
43.22165882727369,-1.913466453552246
43.22122100605224,-1.912994384765625
43.22081445495994,-1.9133806228637695
43.220626815079925,-1.9136381149291992
43.21937586778868,-1.9135093688964844
43.21862528709439,-1.9134235382080078
43.21718664827096,-1.912693977355957
43.216123284716154,-1.912522315979004
43.214371821967404,-1.9128227233886719
43.211963478550565,-1.913294792175293
43.210086781388924,-1.9135093688964844
43.20939864462757,-1.913294792175293
43.208491543398225,-1.912522315979004
43.20792850826377,-1.9120502471923828
43.20686498327428,-1.9119644165039062
43.2058640016394,-1.9119644165039062
43.20520709851492,-1.9114923477172852
43.20455018831656,-1.9110631942749023
43.20389327104431,-1.9113636016845703
43.203205064410035,-1.9113636016845703
43.20232915382896,-1.9114923477172852
43.201296814499386,-1.9120502471923828
43.19976391478484,-1.9128656387329102
43.19913823036408,-1.913466453552246
43.19788684227418,-1.9139814376831055
43.19707342625314,-1.9141530990600586
43.19641642847414,-1.9144964218139648
43.195321416456316,-1.9144535064697266
43.19428895855668,-1.9147109985351562
43.19300618349995,-1.9152259826660156
43.19156694036437,-1.9164276123046875
43.19069086270776,-1.9172430038452148
43.18756191127808,-1.921534538269043
43.18702997358328,-1.922006607055664
43.18652932210658,-1.9223499298095703
43.18540284127063,-1.9222211837768555
43.18418246357341,-1.9219207763671875
43.18311852464987,-1.9216632843017578
43.18205456718436,-1.9219636917114258
43.18102188485352,-1.9225645065307617
43.18055247801976,-1.9225645065307617
43.18002047924536,-1.9228219985961914
43.17786114251256,-1.9228649139404297
43.177078755284576,-1.922607421875
43.17592080378974,-1.9219636917114258
43.17482542405779,-1.9216632843017578
43.17332315704622,-1.9214916229248047
43.17200864309652,-1.9210195541381836
43.17116358347388,-1.920332908630371
43.17016201618738,-1.919088363647461
43.169536028292875,-1.9178009033203125
43.16912913272099,-1.9169855117797852
43.16653119709252,-1.9164276123046875
43.16531044219416,-1.9159555435180664
43.16468440457804,-1.9156980514526367
43.16380794113717,-1.9159555435180664
43.163087979618126,-1.916642189025879
43.161773245385646,-1.9171571731567383
43.160771524123106,-1.917414665222168
43.15976978643661,-1.9183588027954102
43.158705422149026,-1.9196462631225586
43.158486286023525,-1.919560432434082
43.15760973366244,-1.9197750091552734
43.15632618787533,-1.9200754165649414
43.154666930197834,-1.920161247253418
43.1533833225972,-1.920161247253418
43.15247538874671,-1.91986083984375
43.151943145390824,-1.9197750091552734
43.151348279684285,-1.91986083984375
43.15000198328478,-1.9185733795166016
43.14884351845969,-1.9166851043701172
43.147058813464575,-1.9114065170288086
43.14615078566004,-1.9072866439819336
43.145868981185025,-1.9062566757202148
43.144960935706116,-1.9048833847045898
43.14386500078578,-1.9036388397216797
43.143176117351224,-1.9028234481811523
43.14226803187257,-1.9023513793945312
43.14139124688772,-1.9019651412963867
43.14007604583417,-1.9017505645751953
43.13797792844707,-1.9015789031982422
43.13725766259527,-1.9019222259521484
43.13578578860234,-1.9019651412963867
43.134282561574636,-1.9039392471313477
43.13406333787913,-1.9053125381469727
43.13155786840375,-1.9100761413574219
43.130649610370945,-1.9112348556518555
43.12889569462021,-1.9138097763061523
43.12848852841368,-1.9155693054199219
43.128112680278896,-1.916341781616211
43.127423619367,-1.9170713424682617
43.12504316740127,-1.9185733795166016
43.12394687547434,-1.920332908630371
43.12275659342374,-1.9214057922363281
43.121691584590536,-1.9218778610229492
43.12075185551812,-1.921706199645996
43.11946753577654,-1.9207191467285156
43.117869929693576,-1.9219207763671875
43.11567706911222,-1.9238090515136719
43.113264831709394,-1.9265556335449219
43.11307686116525,-1.9289588928222656
43.113014204188914,-1.931147575378418
43.1111344650692,-1.9314050674438477
43.110194573859154,-1.9327783584594727
43.108972693708104,-1.9375848770141602
43.10859672567735,-1.938486099243164
43.10844007164963,-1.9392585754394531
43.10778212035509,-1.9394731521606445
43.10718682499449,-1.9390439987182617
43.10665418739614,-1.9377565383911133
43.106152877187405,-1.937713623046875
43.10562023059227,-1.9383573532104492
43.104805585658596,-1.9387435913085938
43.10436692620394,-1.9392156600952148
43.10330159729941,-1.9420909881591797
43.10339559765435,-1.9433784484863281
43.10311359615654,-1.9444513320922852
43.10254958926393,-1.9449234008789062
43.10167223488105,-1.945652961730957
43.101233552974776,-1.945953369140625
43.100982876188546,-1.9466829299926758
43.10079486792531,-1.9472408294677734
43.10041884966688,-1.9474554061889648
43.09985481794928,-1.9472837448120117
43.09969814155007,-1.9474983215332031
43.09963547087811,-1.9481420516967773
43.09963547087811,-1.9488286972045898
43.09929078103579,-1.9490861892700195
43.0988834178113,-1.9488716125488281
43.09844471592321,-1.948399543762207
43.09797467469801,-1.947927474975586
43.09741062046488,-1.947627067565918
43.097253937811324,-1.9485282897949219
43.09697190802464,-1.9491291046142578
43.09687789780711,-1.949472427368164
43.096940571301516,-1.9498586654663086
43.09700324473177,-1.9501161575317383
43.096940571301516,-1.9507169723510742
43.096752550625844,-1.9512319564819336
43.096752550625844,-1.9515752792358398
43.09687789780711,-1.952047348022461
43.09697190802464,-1.9521760940551758
43.09715992802678,-1.9526910781860352
43.09715992802678,-1.9530773162841797
43.09715992802678,-1.953892707824707
43.09715992802678,-1.9544506072998047
43.096940571301516,-1.9547510147094727
43.09681522424854,-1.9551801681518555
43.096689876939,-1.9556951522827148
43.09643918155017,-1.9565963745117188
43.096345170514745,-1.9571971893310547
43.096533192441264,-1.9578838348388672
43.09637650754257,-1.958785057067871
43.096063136542504,-1.960287094116211
43.09584377588826,-1.9609308242797852
43.095624414448224,-1.9616174697875977
43.09549906470111,-1.9622611999511719
43.09549906470111,-1.963033676147461
43.095530402161955,-1.96380615234375
43.095373714697416,-1.9644927978515625
43.09524836443715,-1.9658660888671875
43.094966325413374,-1.9668960571289062
43.0943395673766,-1.9683122634887695
43.09371280292524,-1.9694709777832031
43.092835321916745,-1.970672607421875
43.09233389855278,-1.971144676208496
43.091926489046664,-1.9716167449951172
43.09158175580929,-1.9724321365356445
43.09108032218198,-1.9736337661743164
43.090735584181786,-1.9742774963378906
43.08506279844009,-1.9724321365356445
43.083338919691926,-1.9738483428955078
43.08321354479978,-1.9748353958129883
43.08280607462835,-1.9757366180419922
43.0817403705979,-1.9793415069580078
43.08032985146527,-1.9861221313476562
43.078637185641796,-1.989426612854004
43.07976563471976,-1.990499496459961
43.075753276911776,-2.0036745071411133
43.074906886631524,-2.0050477981567383
43.07453070942126,-2.006549835205078
43.07418587828333,-2.0079660415649414
43.0738723937469,-2.009296417236328
43.073621604963165,-2.010025978088379
43.07352755890469,-2.0114850997924805
43.07321407100075,-2.0129871368408203
43.07252439196746,-2.013716697692871
43.0713644597267,-2.0148324966430664
43.07054935907294,-2.0151329040527344
43.069891000631294,-2.0153045654296875
43.069608844848624,-2.015347480773926
43.068856423078095,-2.016592025756836
43.0683861547811,-2.0172786712646484
43.068009937545746,-2.0177507400512695
43.06826074929256,-2.0182442665100098
43.06841750611316,-2.0186948776245117
43.068041289070216,-2.01998233795166
43.0679472344487,-2.0209264755249023
43.067571014519366,-2.021656036376953
43.067414255533954,-2.0225143432617188
43.06700668029577,-2.023630142211914
43.066536397807305,-2.0244455337524414
43.06641098853438,-2.024703025817871
43.06594070147578,-2.0241451263427734
43.065564469231184,-2.023930549621582
43.06515688169375,-2.023158073425293
43.065094175678226,-2.0227718353271484
43.06449846533173,-2.0226001739501953
43.06415357774842,-2.0226001739501953
43.06396545643064,-2.022256851196289
43.06324431936463,-2.0218706130981445
43.06224098411819,-2.021312713623047
43.06126898743968,-2.021355628967285
43.060453752536844,-2.0215272903442383
43.05973257416383,-2.0210981369018555
43.05938765976944,-2.020583152770996
43.05854104348444,-2.0195531845092773
43.058133409252136,-2.019338607788086
43.05703591900331,-2.019510269165039
43.05584433592097,-2.019467353820801
43.054056917882434,-2.019038200378418
43.052896636183014,-2.0186519622802734
43.05145409318915,-2.0183515548706055
43.05048192551211,-2.0189952850341797
43.04872571258291,-2.019639015197754
43.04750260601698,-2.0203256607055664
43.04659310070894,-2.0204973220825195
43.04637356292454,-2.0203256607055664
43.04574630778262,-2.021012306213379
43.045589492994964,-2.021656036376953
43.0451190462268,-2.0229005813598633
43.04477404963718,-2.0236730575561523
43.043927231600534,-2.024359703063965
43.0423590191845,-2.0259475708007812
43.04038301446519,-2.025775909423828
43.03721500108574,-2.02972412109375
43.03188233198664,-2.03096866607666
43.02990598987256,-2.042083740234375
43.02899622370039,-2.041182518005371
43.02761586306774,-2.041139602661133
43.02695704364074,-2.0410966873168945
43.02607860673878,-2.0403242111206055
43.02567075676123,-2.039937973022461
43.024917795837474,-2.0401954650878906
43.02450993814762,-2.040538787841797
43.02347459491903,-2.040581703186035
43.02265885765308,-2.040839195251465
43.02215686010203,-2.041010856628418
43.02168623367008,-2.041139602661133
43.02134110532715,-2.04071044921875
43.02102735060456,-2.0406246185302734
43.02036846046816,-2.040410041809082
43.01989782032734,-2.040066719055176
43.01927029452777,-2.03946590423584
43.018642762314705,-2.0390796661376953
43.017670074709876,-2.0393800735473633
43.01697977093303,-2.0398521423339844
43.0163208373614,-2.0396804809570312
43.01500294900572,-2.039036750793457
43.01327710005623,-2.0374488830566406
43.01258674689611,-2.036418914794922
43.01173948468435,-2.035517692565918
43.01151982220295,-2.0349597930908203
43.01123739785818,-2.035045623779297
43.00991940041085,-2.0338869094848633
43.00907210140251,-2.0329856872558594
43.003925293350285,-2.030367851257324
42.999217469381406,-2.0280933380126953
42.99749117687367,-2.0294666290283203
42.99745978928826,-2.030668258666992
42.9921550570407,-2.0308828353881836
42.99124473151272,-2.0311403274536133
42.98807418217868,-2.0348310470581055
42.98619061008784,-2.0386505126953125
42.98393024739287,-2.0381784439086914
42.981073281194206,-2.038393020629883
42.97878133321988,-2.045259475708008
42.97909530374593,-2.04770565032959
42.97925228840778,-2.049422264099121
42.98003720570486,-2.0529842376708984
42.97608112051534,-2.0529842376708984
42.97586133054189,-2.0668888092041016
42.97582993191012,-2.0687341690063477
42.97617531597776,-2.073369026184082
42.976112519018834,-2.077960968017578
42.97623811287255,-2.0795059204101562
42.975672938510804,-2.081007957458496
42.97561014103889,-2.0825958251953125
42.97561014103889,-2.084226608276367
42.975484545902596,-2.084956169128418
42.97501356185705,-2.0862436294555664
42.97476236889111,-2.086758613586426
42.97479376806797,-2.0893335342407227
42.973474988836735,-2.0915651321411133
42.97231318370241,-2.0929384231567383
42.97231318370241,-2.095470428466797
42.9712455596339,-2.096242904663086
42.96703768432213,-2.0968008041381836
42.96122783117429,-2.098259925842285
42.96009720138311,-2.0992040634155273
42.95987735428878,-2.099032402038574
42.959217808292536,-2.0995473861694336
42.95893514355849,-2.100191116333008
42.957176311591894,-2.10263729095459
42.956265468136365,-2.1041393280029297
42.95450655986109,-2.1051692962646484
42.95397259561589,-2.10538387298584
42.95337580656509,-2.10538387298584
42.95281042212598,-2.10538387298584
42.95171104862556,-2.1036243438720703
42.94875834831412,-2.1039676666259766
42.94819292145697,-2.1066713333129883
42.94517722383142,-2.11336612701416
42.94379497971151,-2.118258476257324
42.943480828992335,-2.1233654022216797
42.94162730711868,-2.124910354614258
42.9412503127899,-2.127227783203125
42.93955380974387,-2.1279144287109375
42.93949097540001,-2.128472328186035
42.94011931595313,-2.1294593811035156
42.94103039836542,-2.135639190673828
42.94068481696848,-2.136068344116211
42.94008789907776,-2.1356821060180664
42.93996223141599,-2.1360254287719727
42.94027640008947,-2.137784957885742
42.94068481696848,-2.139158248901367
42.94115606384703,-2.1413040161132812
42.94128172907214,-2.1427202224731445
42.9417843874077,-2.1439647674560547
42.941187480177334,-2.1457672119140625
42.94134456158853,-2.148771286010742
42.94319809197444,-2.1570539474487305
42.93999364835548,-2.1595001220703125
42.937543078935775,-2.162461280822754
42.93581505468782,-2.166581153869629
42.93565795916982,-2.1811294555664062
42.93773158773832,-2.180185317993164
42.94049631720713,-2.183232307434082
42.94464317864597,-2.186751365661621
42.945082980900025,-2.1883392333984375
42.945648436324134,-2.1895408630371094
42.946842158496004,-2.1910858154296875
42.947627489405846,-2.1903133392333984
42.94922953339409,-2.1923303604125977
42.94963789087908,-2.193446159362793
42.95123988254231,-2.198638916015625
42.95064306699217,-2.2002696990966797
42.94957506682697,-2.202630043029785
42.9495122427107,-2.2072649002075195
42.94979495072884,-2.210397720336914
42.945648436324134,-2.211127281188965
42.9444861056509,-2.2134017944335938
42.94395205446995,-2.2146034240722656
42.94326092253507,-2.2162342071533203
42.940621983778804,-2.216362953186035
42.937763005815974,-2.215847969055176
42.93383562187343,-2.2208261489868164
42.934024142025514,-2.2231006622314453
42.93355284056325,-2.2278642654418945
42.932013230651044,-2.2333145141601562
42.92780267230398,-2.236661911010742
42.925697285191774,-2.2377777099609375
42.92437745359295,-2.237391471862793
42.92095204443029,-2.2388076782226562
42.916677872363856,-2.237734794616699
42.89542832361329,-2.2385501861572266
42.89511392619657,-2.239837646484375
42.8962771886321,-2.2452878952026367
42.89693740890153,-2.2487640380859375
42.89684309215297,-2.2485923767089844